Id,Predicted
1,-95.63173429522385
2,-232.9964764355688
3,-4043.1379375295305
4,-182.8811001240642
5,-75.32299296727943
6,75.74606020644822
7,-164.22474154491886
8,-260.3330911200806
9,340.71994749921066
10,-92.821778052574
11,-36.310549736028264
12,-281.6229836041492
13,-1681.2406437409634
14,-171.64459742960682
15,-6896.952316372433
16,-84.41350342780099
17,-416.68517827034486
18,-82.54937200947391
19,-2581.9652134495973
20,-8711.018660804579
21,-5055.683080331155
22,-7147.262463216671
23,-138.8602570156548
24,-203.9709492607394
25,-101.46653330659665
26,-319.26663226672775
27,-495.7274239530956
28,-90.04794614722495
29,-2380.9728139650138
30,-109.38581584817136
31,-24445.691295735767
32,-544.560387701015
33,-370.89564434416405
34,-69.40471129064541
35,5.4142833224118805
36,-411.6374662213465
37,-116.47491783566859
38,-2826.646878881421
39,-669.4630401205657
40,-1685.3364522822508
41,-0.8797158981724685
42,-7018.739536653282
43,-200.12501590536039
44,-1897.1406541853821
45,-699.79999087277
46,-6137.654565445418
47,-235.26120084038857
48,-6855.979760425413
49,-292.0738636309833
50,-5512.039364234534
51,-300.8369339493923
52,-137.6564464592999
53,-130.3251850890324
54,-151.6614882808818
55,-125.88485454049002
56,-9057.05732053906
57,-53.59577965520198
58,150.17468992655103
59,-174.42044773957812
60,-302.43960815196453
61,-8161.552947218824
62,-3109.22375292967
63,-215.74690331208103
64,-1876.425619526312
65,223.57965429797886
66,-188.39546771225508
67,-139.27465101868353
68,-132.55444274488215
69,-482.1459340467375
70,-26708.842408079636
71,-7550.861860849736
72,-169.73461212928595
73,-163.34282453919178
74,-152.32743833978506
75,-241.50302113180726
76,-62.01855180872414
77,-37.63979312409311
78,70.65794795774087
79,-111.47428561611387
80,-108.37518648159505
81,-110.47164953123097
82,-118.9085645415834
83,-147.4875610623252
84,-99.98315775403901
85,-34.3299120017135
86,-24125.51683062938
87,-130.92800383590193
88,-140.390901988077
89,-193.26966559837769
90,-463.83413942348784
91,-77.92137701640051
92,-24314.20431602323
93,-78.19116610621695
94,-5272.979035189431
95,-25.34183059943755
96,-223.44452569868977
97,-807.8667914407084
98,-32.63905515789152
99,-125.64548520693032
100,-516.3988671735328
101,-64.71453651527648
102,-363.70019456088625
103,-205.73910825870558
104,-322.56948313005864
105,-103.8678612839754
106,-225.19687393144133
107,-10800.204835765742
108,-141.2098002007809
109,-216.83299036699773
110,-1994.096023425746
111,-247.37982182092682
112,-457.8982608569862
113,0.2652947371302302
114,-51.07690344752475
115,-239.7600948811621
116,-183.19383537496975
117,-20.214716116883363
118,-942.4506517086792
119,-4558.267570893193
120,-49.64830125499161
121,-4977.886699409407
122,-20378.655838665356
123,-32.477356464479314
124,-9533.24182502953
125,-255.90005968663817
126,-75.16127286674197
127,-1066.844910250006
128,-9180.044405483515
129,-2461.176108346668
130,-469.8981339302596
131,-13197.9925014413
132,502.77074539554235
133,-1981.5529633680771
134,353.5397014362678
135,-856.954319304864
136,-7728.35627130149
137,-182.98303494074088
138,-515.6809820061444
139,-8385.431909328025
140,-138.6479513340088
141,-149.48386464771005
142,-1144.0278950237712
143,-29.85891053542321
144,-1843.5640020178482
145,-272.30689034095656
146,-111.3558135265659
147,-6608.518043875948
148,-1976.998658869446
149,-217.37034970826218
150,-20077.95125986271
151,910.3463546011675
152,-207.28978392393668
153,-514.2063030263313
154,-1127.072499753402
155,-54.36628964747324
156,-944.3162797033361
157,-14824.98401972005
158,4.033335602009668
159,-5.023400602968008
160,-523.48438916689
161,-2130.8374946323574
162,-6948.562386380618
163,-114.87430213098057
164,-221.94113323086802
165,-11169.496838755374
166,-87.5146827293745
167,-299.70661822060634
168,-125.34133798702649
169,-87.69425425605546
170,-58.64965383081601
171,-138.8646778346622
172,-184.29878672918412
173,-4462.443391072238
174,-201.1667115881374
175,-39.86128886315072
176,-103.54242131857853
177,-193.98104203399063
178,-5014.733713690505
179,-527.9151252628152
180,-1668.9345092940632
181,-291.3302816061372
182,-95.12967108454043
183,-212.99908932163606
184,-92.85053657117419
185,-90.75885218389993
186,-204.2635246002904
187,-101.65900182744362
188,198.2994509709259
189,-138.79073567733772
190,-101.13347900516423
191,-7269.080599710598
192,-47.608012817528454
193,-1806.4228352523482
194,-86.61038049366645
195,-1149.8340734837823
196,-4969.681347905327
197,-106.27229663906212
198,-105.41132644765126
199,-3090.192052208136
200,-2005.098569459522
201,-0.24787559882868307
202,-87.8974720634157
203,-31465.16448163079
204,-166.5218839416448
205,-9126.551083451977
206,-197.70165294004664
207,-241.90278116303796
208,-337.1203552812846
209,-62.82097799036776
210,-81.92729795763584
211,-72.66483842881938
212,-96.49162885736307
213,-25854.053292978362
214,-7723.23984644632
215,188.32048187113708
216,-18.367754540293777
217,-188.54765966303438
218,-110.76505443033817
219,-149.12137048160037
220,-116.13892185447288
221,-370.4924602684983
222,-13258.063416007064
223,-27476.908123254056
224,-763.6780657123511
225,-176.66403855639064
226,-86.76364793443007
227,-149.2466660736413
228,-42.66103746972823
229,-77.10697451835149
230,-491.4680055125002
231,-131.70181676847048
232,-4668.536735694609
233,24.160406333009803
234,-164.1416871385733
235,-4211.85608508941
236,-9082.51288654786
237,-154.37832686374492
238,-4648.691970214676
239,-296.8920835668554
240,-146.05901541585624
241,-204.2515668428112
242,-3518.187849373267
243,-16704.66067936103
244,-827.6708407127281
245,-10.316133094902835
246,-176.58688026638794
247,-90.24104465818439
248,-31.873340574704343
249,-29.83724512900641
250,-1307.256967570721
251,-307.5581554668751
252,-108.8301093807103
253,-4577.236603175816
254,-1666.0414767107472
255,-123.30565951969939
256,-7740.534726078717
257,-257.05204789204697
258,-221.13572028313177
259,-197.84664191914936
260,-310.3856990882715
261,-3898.2821178129752
262,-93.6665637197015
263,-35.161145082969995
264,-85.709757762182
265,-8357.650114129801
266,-7546.618235513255
267,-9403.49655204827
268,-205.89733210907377
269,-217.8265281520324
270,-8710.824993165184
271,-162.2838804651089
272,-1208.8695772238093
273,265.84351877618474
274,-84.02025752188153
275,-11.103931314984557
276,-5548.678897682126
277,0.7678525537338167
278,-6.635878070221015
279,-69.7350488129491
280,-108.21405739965918
281,-8.562747399717592
282,-7207.348052243198
283,313.4774955430428
284,-5810.01052821893
285,-8329.538958909661
286,-3707.940478943066
287,-429.7129868230288
288,-363.78247153104996
289,-58.41220474503653
290,-204.6663189672387
291,-111.89758665609706
292,-97.0285438233614
293,-71.5604681132435
294,-83.93656687197713
295,-56.29811084516799
296,-104.11890625966407
297,-15.357232975843731
298,-390.52983685640675
299,-109.79714991457215
300,-462.1072291171266
301,-131.45411916251317
302,-45.075904591518395
303,-123.42101447327576
304,-13390.464637313251
305,-220.32412092057046
306,-85.51815100051695
307,-6450.2786459846475
308,-23.96944046772113
309,60.36082570302076
310,-704.5159213945741
311,-42.86852770544641
312,-169.89995514039887
313,-6473.705478011478
314,-52.061846720775904
315,-267.4647167124509
316,-34.08344361732931
317,-81.24580836755653
318,-208.06133109198507
319,-178.60309262057356
320,-88.86863004913168
321,-142.37894817817255
322,-1616.2560903648148
323,-1908.1761359746083
324,-1867.8359433642238
325,-191.5331117580062
326,31.952944875395257
327,-117.13059456468392
328,-1698.450913829428
329,-80.82491607816475
330,-19687.652546210727
331,-11295.656725401848
332,-150.09929816617273
333,-824.4136228202315
334,225.22439378643392
335,-108.75749914954558
336,-6382.630232948788
337,-48.46330129799833
338,-66.9446997136345
339,-10033.528058028298
340,-88.01178390480209
341,-6146.926800075235
342,-668.5960554237488
343,162.74335167023315
344,-115.09443536145687
345,-153.95179078647448
346,-6357.32051353866
347,-284.7644378429506
348,-47.53278805214789
349,-5812.7809717576265
350,-64.68020900697822
351,93.86180599541345
352,-575.7125787453137
353,-950.9099463506801
354,-27.135571441502847
355,-606.9239147802366
356,-2842.113869804654
357,-176.24203479590938
358,-240.70567821327728
359,-76.70121031069337
360,-97.5937320835616
361,-1225.111661037737
362,-60.84756145337465
363,-166.56173817025038
364,-217.29982699830177
365,-1462.288976933309
366,-9221.834882083409
367,-198.64673137173529
368,-6639.881891561247
369,-78.4329274260868
370,-184.59886418500312
371,-94.3518344655706
372,-128.95914625741847
373,-98.31375946310489
374,-6461.834676226363
375,-33.21435655354227
376,-60.684780532442325
377,-565.4093163737685
378,-3640.7528920310006
379,-5357.886147570951
380,-53.40507337802088
381,-73.04195625242991
382,71.3083273215105
383,-477.9782848999449
384,-182.39238327543194
385,-104.05883028381326
386,-6982.328470142568
387,-4075.953660833779
388,-201.6158544982511
389,-200.0575296981284
390,-137.60449803497988
391,-99.37118786655888
392,-4279.0747956438145
393,-25.085777603157506
394,-13698.525508679691
395,-6964.475019942016
396,-117.28104662502429
397,-125.30940187769225
398,-183.48005698803289
399,-3341.9079877754375
400,-259.2015252778205
401,-113.95754448087396
402,-251.13222837974297
403,-0.7121234396408689
404,-102.34339434590457
405,204.10802164072766
406,-202.65201519700176
407,-527.7412545169387
408,-10.894842221626318
409,-35.86519413636604
410,-65.8532122070805
411,-153.03756613847222
412,3.6040446617392745
413,-87.74256051217404
414,-6897.579085161999
415,-56.496904412161946
416,-183.74511049189798
417,-129.7698107270769
418,-151.95231086517933
419,-78.00081927156646
420,-104.44589504108252
421,-70.45242590348559
422,-131.11108537671066
423,-3053.6064968907913
424,-104.12523395852635
425,-84.15912343041643
426,-83.12657060215639
427,-151.27435233814955
428,-356.8049103689164
429,-319.61826564526734
430,-840.8184967786079
431,140.38668264298377
432,-70.04571242862457
433,-107.11718659550392
434,-145.89730017691852
435,-3002.2410930979786
436,-8211.38761883158
437,-32.631575434246834
438,-109.93982999408159
439,-18359.80367633819
440,-237.95114958362194
441,-109.4586994815117
442,-96.03314854574651
443,-47.376001429380366
444,-28.587439521707168
445,-6379.690433828804
446,-39.37258591342534
447,-63.58025044960601
448,-211.9306500743953
449,-131.18870771824558
450,-302.3133274745479
451,-1516.799406707168
452,-77.9546827782276
453,-1116.889015186465
454,-75.63671552715249
455,-219.39616698697134
456,-1991.6286573116897
457,-72.43424474658858
458,-212.4102426256201
459,-105.60469663805925
460,-3275.3419762343965
461,-124.2588458804879
462,-93.95397510043001
463,-4578.609482873557
464,-12387.917108497586
465,96.39477880572821
466,-34.66312474471576
467,-186.82100814090302
468,-49.91037424256043
469,-11354.13172279968
470,-0.3404781683382454
471,-92.94958010592708
472,-122.78349369349607
473,-8540.220111323999
474,-376.7507965607514
475,-505.7060009205792
476,-161.8699679741127
477,-171.10450721674624
478,-488.63657765609037
479,-239.51173378949463
480,-220.2431102575549
481,-223.05451690084544
482,-11282.336090346978
483,-101.754314202191
484,-146.04935210148378
485,-4387.620198455287
486,-127.56590143799804
487,-98.70930621243956
488,-667.2476089081184
489,-73.70321509340083
490,-227.58531694267435
491,-224.74337039460124
492,-114.08148816901964
493,-7480.211935014412
494,-5652.582937428974
495,-12473.616056838982
496,-1555.946251756018
497,-122.01130272084957
498,-19.127803300470102
499,-39.92271208268571
500,-232.7945742182533
501,-12745.605305515079
502,-6943.28122182327
503,-137.27535176471406
504,212.95595897558422
505,-22.710486052189033
506,-12549.826630460191
507,-139.07662482904036
508,-244.3013484926517
509,-40.04792300936537
510,97.210769358339
511,-62.42162004298595
512,-13635.041502589691
513,-112.04340972979469
514,-142.25966213288962
515,-154.53083434132824
516,-202.16657888540172
517,-195.50665302834395
518,-152.56455923324503
519,-544.0607190699498
520,-125.18144780550195
521,-26.573882283642455
522,-111.39735921868585
523,-90.81812215539331
524,-4758.677105853643
525,-453.1440636274215
526,-190.62657915627673
527,-121.98237580550673
528,-553.6393274082532
529,-110.37571678320778
530,-118.94521005390075
531,-66.143277541986
532,-5284.628664493751
533,-70.20596429072057
534,-230.13054042571244
535,-163.29636869335633
536,253.38568146022527
537,-172.06107223221267
538,-28703.20885906932
539,-4101.403662761344
540,-102.11252641077907
541,-4996.511616793488
542,-249.68015043090907
543,-102.38078241983737
544,25.680891027336354
545,-32.172338098977775
546,-56.45852314317912
547,-2190.8549513931544
548,-862.3723892215671
549,343.8932842274579
550,-57.51460214036164
551,-163.90585943115127
552,-257.24172743678974
553,-57.83508526521462
554,-36.84413613683837
555,-66.75565979695172
556,-3120.504308965883
557,-133.62055127683217
558,-330.8890062666234
559,-7.692750471148236
560,-34.78545325367458
561,-30.509594968988495
562,-771.9620673453903
563,-4257.28709739429
564,-5846.031304722245
565,-14076.657737284042
566,-6152.859310383321
567,6.012238372139898
568,-64.67489060253813
569,-446.5992399974386
570,-53.28510301440265
571,-5102.982741710548
572,-2187.981717877134
573,-10249.20402529569
574,-50.57095144183275
575,516.9327314635165
576,-214.12399402513662
577,-73.33907455799073
578,-17842.234907878912
579,-30.775083255670364
580,-117.88327404467329
581,-85.3657227135015
582,-1609.773112471046
583,30.04554633581657
584,-7255.450135906827
585,-4231.346686414326
586,-4429.1740201002785
587,-204.2980208755884
588,-452.0425759028833
589,-78.93070639303066
590,-378.24024831372515
591,-13143.223143564934
592,-61.33624746606435
593,-75.89183980710237
594,-3898.2236030754134
595,-54.41806507065086
596,-4967.099861551852
597,426.38168715194666
598,-239.06499915181507
599,-49.16828302991208
600,-10205.230825544495
601,-411.12672975517023
602,-565.6318823014882
603,-68.67982858775802
604,-190.492322091999
605,-129.26171222284168
606,1.2307623932307696
607,-2.7432589384715373
608,-33.19538954399502
609,-108.43646505636214
610,3.313782496911814
611,-190.92897857011124
612,-6.413215731683407
613,-693.5215352222333
614,-96.93029538132363
615,-17.10818834198974
616,-5066.991298600269
617,-117.16259886404015
618,-6302.192403814622
619,-17241.939115269506
620,-1583.389436362836
621,-57.56852550442351
622,160.18033992619527
623,-164.26647605346164
624,208.8103209053229
625,-65.21368621804791
626,94.19241334721949
627,-121.01053453478727
628,-57.43812354006746
629,-6258.140477920229
630,-4831.072276411374
631,-211.55085320405556
632,-241.40033704147595
633,-320.7885797608945
634,-97.23446722088059
635,-38.897025278219
636,-9098.207541426133
637,-688.1752828124381
638,-8187.142070753779
639,185.51962672178868
640,-274.34794558031155
641,-21751.028888354274
642,-14546.73350836131
643,-106.45727956225225
644,-112.75497200852858
645,-260.45082081034917
646,-57.216268677715135
647,-46.66722821393829
648,-163.50025328134728
649,-378.0042215912561
650,-230.85889467253054
651,-46.63923301889922
652,-39.61816541564332
653,-141.19264026943608
654,-5767.0710883509455
655,-12840.067172705112
656,-28790.605969296783
657,-1939.608441824624
658,-24.881587078751412
659,-71.9908541381922
660,-84.44557260965264
661,-32.64176982023526
662,-70.05151716029147
663,10.776213953002383
664,-263.17981157176223
665,-7840.099571099619
666,33.59082111058965
667,-104.34612220948743
668,-502.18998271863984
669,-4853.044991088075
670,-8456.113929887346
671,-10284.561650490745
672,-61.206726307881574
673,-142.1869526464144
674,-2486.007529332794
675,-105.22855335830677
676,-87.49804110673111
677,-6.753720144465164
678,-7097.076680761473
679,-80.11155129459553
680,-73.88404116291879
681,-75.43883063650388
682,-197.05795994327735
683,-302.39711144682497
684,-10335.647780622696
685,-6516.655787324401
686,-121.7641122807641
687,-64.41236475622459
688,-144.7712833960811
689,-259.7503862285898
690,-276.90350457131785
691,-133.57269330607835
692,-267.2899205896923
693,-26082.124947897915
694,-19798.382231454005
695,-13967.059141660937
696,-67.8578943312079
697,-84.86339135641279
698,-242.2362532045763
699,-68.00338513687603
700,-136.54131040878883
701,-172.6601201714482
702,-75.81461663129289
703,-67.13585211340087
704,-16.48813819050858
705,-189.54469649405726
706,-2737.908733447244
707,-2592.8275260698942
708,-41.34809455467347
709,-103.81802854207503
710,-19244.37885848568
711,-54.95510877369447
712,-18064.489238673574
713,-285.492883047124
714,-61.068431542012306
715,-129.11436879959484
716,-72.07211984792164
717,-513.0206196055769
718,-171.82528810362885
719,-3161.349910503619
720,-161.48335616994936
721,-3841.4282741857096
722,-58.405622193629476
723,0.864180190120717
724,-260.27741569315276
725,-12.13816667961668
726,-10929.013952278097
727,-230.75767543183602
728,-71.70143576747223
729,-41.11676882053948
730,-231.1380197374029
731,-180.09692679888607
732,-222.66938420948145
733,-61.505861970268505
734,-315.6552832623717
735,-104.2713095970947
736,-13742.034709019186
737,-75.00608128889536
738,-62.07492248759011
739,137.2503391426473
740,-304.36374163727174
741,-191.0696702592647
742,-105.90762940228913
743,-14163.178820637806
744,-109.78437829539759
745,-128.27617453103042
746,-203.86404261372456
747,-5876.575355646137
748,-161.24124043879047
749,-101.21615502017822
750,-109.67062947693633
751,-256.92661441102
752,-6517.797700366884
753,-1914.8478156863828
754,-124.43067062028396
755,-356.3883230444378
756,88.62927132699645
757,35.27667544840104
758,-95.68544881602591
759,-185.47734951744022
760,-176.12304806760028
761,-97.93132226218295
762,-147.2465105142292
763,-85.25469510180406
764,-228.52992291857169
765,-140.53613019934895
766,-134.01020644603133
767,-174.09360107098522
768,-184.37683723092954
769,-8544.133233580662
770,-163.32301122958356
771,-72.39258401356695
772,-11186.967653435686
773,-200.27836220744896
774,-1321.433310988977
775,-7069.327681214813
776,-305.3491005779398
777,-4841.487996670766
778,377.8936375069528
779,-18.428673270125998
780,-78.979157343735
781,-82.80495999590573
782,-82.03066890548456
783,-199.323144443932
784,-48.48747124238271
785,-47.52192181357093
786,-103.18006219139701
787,-244.3701892658698
788,-192.27693247341827
789,-148.38651760365985
790,-59.73502850087253
791,-16393.978614000032
792,-3273.0002666819496
793,-866.7944980188291
794,-451.91030277337273
795,-254.01155489977558
796,-9548.26939311778
797,-7036.790247439555
798,-220.73591104753208
799,-283.0998542219049
800,-274.04732171225464
801,-6991.418380028272
802,-377.33545544932343
803,-548.6623750250535
804,-210.39795861549752
805,-371.7961324907805
806,-19407.35481040873
807,-324.7491765824563
808,-312.9280072459531
809,-365.1930655107982
810,-182.91200340003095
811,-10243.693290753643
812,-140.5994678621841
813,-16.894121305103056
814,-18855.671268625498
815,220.18532220426283
816,-2591.3181857023224
817,-241.75423357315717
818,-127.4875470783924
819,-18447.784920205802
820,-143.2224655905547
821,-173.9227668955214
822,-17558.421227439507
823,-206.99609893786075
824,-458.9897237078681
825,-137.7312976866447
826,-30235.970722499507
827,-481.3608823489309
828,-638.8445221356828
829,13.246782438611476
830,-98.81410471594707
831,-1228.2704004820903
832,-128.2150750296875
833,-47.209123818326844
834,-141.82117799806252
835,-125.86673322203706
836,-155.053541095896
837,898.8073874945695
838,-65.17159556589947
839,-13516.0765371419
840,17.416741514403906
841,-56.35724672560105
842,-439.9524544273255
843,-334.6398281221273
844,-105.64550089966721
845,-280.3511069037197
846,-2064.453954464659
847,-68.09342742073046
848,-346.25469440476127
849,-76.6175049852429
850,-238.80549527384662
851,-47.55936400684412
852,-207.39748678123834
853,-7.721685836333945
854,-70.05256477550061
855,-19189.54387303076
856,-2549.418530186091
857,-1341.0601167109726
858,-11662.060425635605
859,-23.787170813048046
860,-6021.622299235022
861,-135.3695790671948
862,-97.55443219258368
863,-13.44758993108016
864,-63.85020909193657
865,-16.30399343425753
866,-7625.4798831915405
867,-89.68890442178642
868,-360.2380475506988
869,-89.64795386835584
870,-458.20734257565
871,-93.30449374538205
872,-57.54605749754081
873,-122.24373799557534
874,-149.98460243925928
875,-58.217722598220355
876,1.3857316961172752
877,-557.750310251483
878,-65.81829456222047
879,-147.7939920183436
880,-96.16583393822178
881,-39.96168637041913
882,-209.9130176375703
883,-2937.5287922823204
884,-8775.283348420342
885,-4406.473573823065
886,323.599378468499
887,-11736.230837962563
888,-487.3440437217124
889,12.455244684730465
890,-138.80546614607746
891,-79.06466734666851
892,-6474.479877519963
893,-266.6498365652093
894,-6870.315307229547
895,-198.97809500210897
896,-85.69907847998091
897,-3.8810671731390762
898,-3581.229021949986
899,-133.9823729999502
900,-4288.835028255137
901,-3527.1485488044405
902,-373.9460272026332
903,-22.035600770971605
904,-141.7359831060233
905,-106.82626321954498
906,8.97783732761836
907,-153.46708459672158
908,-2388.1471876553214
909,-206.6696055747497
910,-241.75597276572
911,-47.98459556368598
912,-7361.482399727059
913,-58.76361205355116
914,-122.60371057476394
915,-75.8273795297281
916,-2582.0932560717515
917,-515.8537304882534
918,-793.458728540438
919,-63.49626804788395
920,-17290.93902483694
921,61.679666368145554
922,-313.20485330356075
923,-7183.578016011075
924,-91.37982009034344
925,-47.95504687228743
926,-213.6371945976128
927,542.059550737063
928,-6532.018445259217
929,-396.0800637158464
930,-3580.1819580199613
931,-20578.4058907796
932,-208.7450058325764
933,-370.0188748644578
934,-24915.84998267109
935,-6094.702450970054
936,-3498.757202809864
937,-5795.1520758789675
938,-130.08193059707702
939,-99.25215838373111
940,-7503.820306247604
941,-98.66681289137247
942,-10035.48145653871
943,-6477.613266730174
944,-15.460776693177948
945,192.8247098091578
946,-36.687706640357916
947,-2910.7645249651623
948,-136.7127921435077
949,-15077.968955134844
950,-89.02110073867041
951,-186.58198704082594
952,275.9487404318408
953,-263.96829223857173
954,-18301.73454557137
955,-7.7181859763091545
956,-153.42744827860002
957,-105.6418524679435
958,-24.937856896700648
959,-384.39855872451346
960,-37.330135359936094
961,-957.1183294389352
962,-162.84728396547123
963,-44.39194087787722
964,-37.7294072395922
965,-120.97757183925101
966,-64.01458408854216
967,-60.45949407276798
968,-185.07826795687927
969,-18761.37996024149
970,-150.0321886296068
971,-43.66496793104781
972,-1031.676454699329
973,-108.99643973545241
974,-171.42428569898317
975,-2246.9080071363533
976,-247.0428874538143
977,-280.32353860892636
978,4.566827545553757
979,-19588.118456822798
980,-4569.501875912646
981,21.08771230997772
982,-4863.358997398404
983,-267.8612070379699
984,-314.46441768598737
985,-76.24317275958003
986,-143.81569297987485
987,-10249.193572471584
988,-1114.6868623131948
989,-28.37951656676687
990,-291.5159835871482
991,-131.1430069283727
992,-18517.360643853477
993,-47.9931007230628
994,-53.96045572097697
995,-133.49579805107268
996,-111.9570391546482
997,-58.30074947113596
998,-46.78108801794943
999,-24.282933661088578
1000,-98.35845548407778
1001,-263.4807246152039
1002,-5371.424979710178
1003,748.8091725797574
1004,-46.92525603635986
1005,-35.93173462848326
1006,-162.87535721834578
1007,-122.39357628052353
1008,-2589.990597929053
1009,-130.0425583676573
1010,-14.869629811542804
1011,-33.80082281220821
1012,-19.610552649511565
1013,-142.07383821956066
1014,-5358.583818953209
1015,4.052054203061644
1016,-26.920301362649322
1017,-297.0657314368606
1018,-207.38531843737974
1019,-119.04542837840962
1020,-38.272540216495685
1021,-398.15060325714603
1022,-116.08735843336406
1023,-27.38024904448614
1024,-206.94881312363228
1025,-31.17845540762532
1026,-373.01225235662696
1027,-63.857333260327515
1028,-297.895232585104
1029,-336.8221689481903
1030,-84.09028508023717
1031,-21.382487063925428
1032,-80.2584627425441
1033,-19900.859103244158
1034,-40.25210980291185
1035,273.7094146453963
1036,-250.46118631746776
1037,-195.01566040109043
1038,-206.64673833013117
1039,-12895.650172500596
1040,-439.84047177895394
1041,-16276.178842255658
1042,-295.02154269833886
1043,-82.62888806555142
1044,-14837.740402905629
1045,212.71194271247793
1046,-26.120091325564484
1047,-7383.653173865169
1048,-49.70993088208723
1049,-278.27740497124205
1050,-250.42115728380585
1051,-156.56823506793523
1052,-8880.527899398083
1053,-169.46505811811423
1054,-83.08696639743629
1055,-70.6133105049311
1056,-116.20311950667728
1057,-100.30597070235758
1058,-1479.2536875586256
1059,-198.84606345016465
1060,-54.73375997901691
1061,-80.51381440259796
1062,133.63412799210047
1063,-1985.8902129333142
1064,8.853114399987252
1065,-3.0531498389283933
1066,-65.5186661503765
1067,-3481.869586606682
1068,-133.9153401140552
1069,-173.98422280090296
1070,-40.908738902855156
1071,-79.50967950914367
1072,13.947653273292087
1073,-113.33124424376769
1074,-5162.655698176659
1075,-235.34471600973993
1076,-164.18914410327272
1077,-9905.441387886394
1078,11.509280275499005
1079,-101.35565040620877
1080,-868.3147612184346
1081,-84.11419919836476
1082,-419.77194689207613
1083,-81.10888961970406
1084,-317.78780248631534
1085,-227.3293555370507
1086,-11155.967830789006
1087,-198.5043302380013
1088,-128.72202295034407
1089,-322.03895237446227
1090,-1990.8770113750802
1091,-413.21469936824724
1092,186.43390614437638
1093,-190.89182763421593
1094,-15.060833991331517
1095,-1.941881620019541
1096,-178.99390510199987
1097,-89.4385692301203
1098,-61.822349528882725
1099,-705.549427120552
1100,-47.11404966331394
1101,-22.857861146136454
1102,-39.27506603010706
1103,-14404.43777202188
1104,-253.71604891883374
1105,-46.01258516342031
1106,-12572.954044154472
1107,-4103.434486099306
1108,-130.9880446155904
1109,-179.77920405262992
1110,-165.83572953989452
1111,-31.520979645907854
1112,-6399.425207075856
1113,-8340.69461820007
1114,-3893.5847808860117
1115,-66.28182981823674
1116,-13.810221729282336
1117,-32.36014503196991
1118,-111.64041442863446
1119,-984.9808685229971
1120,52.44391385057111
1121,-17746.088514033545
1122,-177.6805432803606
1123,-154.97358379694472
1124,-4978.50346408931
1125,-2601.430506008176
1126,-46.30628646051626
1127,-221.38890557926354
1128,-7037.93842222799
1129,-96.70182256945857
1130,-401.6015725896795
1131,-128.00047634831915
1132,190.86005099204127
1133,-157.41654854662823
1134,-74.59919843958443
1135,2.6198753386569256
1136,-191.7899361953213
1137,-19.381030470454373
1138,-10057.392181924884
1139,-5371.14530663818
1140,-3252.0677315009134
1141,-174.65624546946086
1142,-3068.9731289232714
1143,-547.450585014864
1144,-131.1842212807605
1145,-83.41493493124914
1146,-129.41882436073803
1147,-249.36784123401682
1148,42.178044755873486
1149,-50.15927554574425
1150,-37.16403177685779
1151,-479.0515544452503
1152,-153.69526318990103
1153,-235.98968685642848
1154,-138.54506908372602
1155,443.24322230313425
1156,-75.70506257555101
1157,-423.9577260173588
1158,-248.2888734550366
1159,-55.73128271172262
1160,-163.66034908511858
1161,-10921.100577788506
1162,-2865.905990632568
1163,-13.561684711472529
1164,-38.572087702992405
1165,-129.5230152762759
1166,-2321.269559640457
1167,-177.85331070152264
1168,-36.678499753823274
1169,-4391.602957383149
1170,-110.75706216307351
1171,-26.110426654643064
1172,-5460.7438793856045
1173,-346.5930031155773
1174,504.8364960468074
1175,-6.620655358998707
1176,-28.648287628176956
1177,-22265.69011404501
1178,-5650.185898738505
1179,-14099.909616057908
1180,-3722.6871742547173
1181,-188.076287595445
1182,-106.8398751787999
1183,-2817.127703135527
1184,-48.52321355804066
1185,-5055.335405345589
1186,-1290.975630894851
1187,51.79030904115256
1188,-12763.750832632753
1189,-11.908810275335451
1190,-49.99360263590214
1191,-6877.7990987161775
1192,-102.11990396002297
1193,-63.87349648165819
1194,-226.0448813376546
1195,-37.369074461717865
1196,-4089.7596626488103
1197,54.40587256344768
1198,-45.99412787760171
1199,-2817.9027081059908
1200,-1078.460221577225
1201,45.33392812597765
1202,-357.4871900849667
1203,-69.82604697448079
1204,-4957.79291193611
1205,-44.354418522221046
1206,-37.083033002807674
1207,-224.1038324160761
1208,-101.64306502902846
1209,-15.104895348643964
1210,-189.1931721328095
1211,-2739.7631607895796
1212,-67.55722381170584
1213,-57.43900858098233
1214,-409.2014387906825
1215,-82.58489104580943
1216,-17068.662507863868
1217,-1870.7816746601507
1218,-716.5102631061064
1219,-64.26228839993588
1220,-33.38625879059557
1221,-343.29506919999955
1222,-491.1190501869846
1223,-239.7519085309971
1224,-3266.014790489734
1225,-142.80656879166563
1226,-9930.449761004491
1227,-314.9532886290226
1228,-16161.126841047231
1229,-1272.3594997626296
1230,29.840722665906416
1231,316.4168291226206
1232,-184.35178013225087
1233,48.56678558679191
1234,-2898.4275753841175
1235,-198.4325251602768
1236,-331.46418441326006
1237,-239.49562128530815
1238,-193.2075350933085
1239,-72.27239618161633
1240,-82.49645015211537
1241,-1464.8931825442794
1242,25.163914233089436
1243,-33.1776197644505
1244,-30.947838224784153
1245,-316.495441380461
1246,-68.73561561480206
1247,-132.2222545942366
1248,-87.80942113604483
1249,-169.00334949055673
1250,-2927.0425975093385
1251,-13684.743410997606
1252,-66.04936958630226
1253,-43.181575016877396
1254,-24.001492536706316
1255,-329.2613043277514
1256,-197.05330750924364
1257,14.984080466454683
1258,-10791.755974342857
1259,-21450.422732800263
1260,-25042.32171810195
1261,-6643.926791913449
1262,-147.61190431256094
1263,-20303.80480291087
1264,-294.03291986149856
1265,-280.7886797130829
1266,-2418.448120278186
1267,-412.8278845618001
1268,-177.52910726852718
1269,-64.5947087754295
1270,150.5201754539046
1271,-118.00090871221158
1272,-89.2882730719744
1273,-88.10329961162141
1274,-16827.24945773917
1275,-615.55150432512
1276,-352.11340127227504
1277,-67.39304683600584
1278,-158.47992133650214
1279,-6901.782691139285
1280,-188.66849897243594
1281,288.9630131682173
1282,-12818.062436135844
1283,-177.5819693943595
1284,25.849850571350427
1285,16.144509901799104
1286,-96.10305630862295
1287,-7916.602914119151
1288,-50.18612685739799
1289,-82.177968147564
1290,-31.294271971580436
1291,-1500.7581725713626
1292,-5.90322150165109
1293,-33.293835486066186
1294,-111.56591480472984
1295,-76.35952663467862
1296,-92.3335748124004
1297,-415.3723870035534
1298,-399.1094031221159
1299,-4049.3729004686506
1300,-2325.2900523909907
1301,-3028.338364692699
1302,-20.887055149647214
1303,-148.44078489502186
1304,-96.40173739350357
1305,-59.71250045126061
1306,-257.09761543490305
1307,-144.05901877163618
1308,-368.2611920813716
1309,-339.2794202486576
1310,-268.1671567144958
1311,77.82695981095415
1312,-32.14091476582288
1313,-19847.09061058705
1314,-86.95224055102148
1315,-2907.317387526934
1316,-259.1944721239619
1317,-3144.3312103113744
1318,-16189.266363379686
1319,-320.62002543442605
1320,-279.41447810991417
1321,-22094.39756836809
1322,-365.01527195352753
1323,-104.8364636634892
1324,-67.46042560215403
1325,-99.86241914442806
1326,-2.8614004972283635
1327,-200.53460915379688
1328,-2994.4951645307865
1329,-203.1973429643109
1330,-115.53925135185013
1331,-251.99674928655185
1332,-22.7440922293091
1333,82.64221600980281
1334,-239.20483667031237
1335,-156.24913953292835
1336,-63.55008967843312
1337,-5580.824547572874
1338,-146.29194303336575
1339,-6.333631221454605
1340,8.74845242714054
1341,-81.74965214754762
1342,-28.079969694098107
1343,-13429.697821385218
1344,-268.63318611492866
1345,-14618.878404217921
1346,-74.16166205028252
1347,-30.73180746027089
1348,-628.0628968993083
1349,-8180.2568743221245
1350,-2863.5412888605697
1351,-99.64540545150784
1352,-14488.386706777483
1353,-76.0924649041258
1354,-253.39468705066542
1355,-333.8638223030059
1356,-176.39953212641015
1357,-96.06020940935103
1358,-13444.031300000019
1359,-19.307024666664507
1360,-13010.12108630779
1361,-370.63359623943546
1362,-2690.312539000721
1363,-171.2527637685179
1364,-102.24443031000287
1365,-138.93444109250993
1366,-11418.849400271247
1367,-24.403868931428594
1368,-224.77167966259066
1369,-77.6229872896275
1370,-1736.4947027203089
1371,-4744.338949587126
1372,-4637.814308991997
1373,18.345339334227873
1374,-363.3490100894337
1375,-251.15419971540683
1376,-189.889738206945
1377,-145.76037865097908
1378,-11844.135379005877
1379,-452.9502786959493
1380,-30.196841218727112
1381,234.54228586479965
1382,-3205.430142190871
1383,-14.100603355963415
1384,-92.47534332360961
1385,-91.141025626553
1386,-208.25261445275382
1387,-2566.7486408627674
1388,-7066.1046075933455
1389,-336.00791580536855
1390,-86.28080624089792
1391,-7546.9259439139105
1392,-165.83747700922996
1393,-138.5833279774787
1394,-316.57769872278027
1395,-169.31561724691826
1396,-108.5377755071193
1397,-230.08521021342395
1398,-68.52880033149157
1399,-95.48425854075295
1400,-91.77509385947819
1401,-162.70619132995367
1402,-189.5232006427497
1403,-3669.371189996747
1404,-94.78733056073975
1405,-65.05093401968752
1406,-161.82509791581384
1407,-417.37893483733313
1408,-88.0392443508965
1409,7.808510505479374
1410,-8469.791054848722
1411,-35.96467636919444
1412,-135.59150029020526
1413,-2173.36303922681
1414,-176.81210554828445
1415,-75.04600565186885
1416,-222.89600608519754
1417,-3862.0394535536816
1418,-102.39636011592323
1419,-1608.2788625833614
1420,32.414477151089606
1421,-196.06531303692245
1422,-264.6022207212072
1423,652.9209277917112
1424,-964.3317750069191
1425,133.76190953062485
1426,-92.75835941123327
1427,-2847.359176700572
1428,-40.182729671064806
1429,118.08471378666769
1430,-3757.968006974482
1431,-413.6584047916924
1432,-66.825161456308
1433,5.282496270397751
1434,-248.27570958820772
1435,-10429.097673205646
1436,-21428.137470059428
1437,-70.1423939719438
1438,-3228.296996741711
1439,-4869.59266352179
1440,-152.8373105428181
1441,-9465.822331200383
1442,-94.85373426114306
1443,-50.27079618498867
1444,-87.91722881304862
1445,-2.2237616578446913
1446,-42.97123689471265
1447,-77.05243878073638
1448,-179.00464408036353
1449,-238.7006271435697
1450,-40.29204346494931
1451,-240.4955864596128
1452,-62.833068569361394
1453,-1173.4652284038827
1454,-3094.73108797651
1455,-125.45990650543547
1456,-2581.3415273469614
1457,-541.9377836606385
1458,-25.89594678159697
1459,-59.08810773732942
1460,-5183.386058729252
1461,-54.80469478946622
1462,5.493686302027337
1463,-71.72056575955567
1464,-330.8790313889176
1465,-4414.032551095678
1466,-9.91674713410967
1467,-3986.4080688378867
1468,-4137.060565567488
1469,-1304.9015476317434
1470,-82.83577301325019
1471,-6589.896091350961
1472,-63.653440581295385
1473,-163.16075052717693
1474,-848.6962649821361
1475,-54.6356671880228
1476,-3643.1122228124354
1477,-4472.62270379294
1478,-126.12678636532154
1479,-121.9818223572558
1480,-51.800666661966616
1481,-150.5251453123422
1482,-47.95616358364894
1483,-1860.6256292993157
1484,-42.59844749677852
1485,-100.56143892931068
1486,-63.08117227604728
1487,-8149.154065762983
1488,-146.42085356051098
1489,-95.50941757056711
1490,-7033.189205980653
1491,-32.620763157393895
1492,-2910.3367734611097
1493,-171.0731238549022
1494,-112.01029366070502
1495,-293.9557085877548
1496,-15344.112039088433
1497,-753.1086221489032
1498,-5.997227320716227
1499,-9474.340580549466
1500,57.678873568724164
1501,-5563.301831483835
1502,-139.816309574828
1503,-75.61185015508623
1504,-491.83713682653035
1505,-82.70392215794207
1506,-5076.629202169587
1507,-144.26670052669976
1508,-988.9191747854871
1509,54.6675924696302
1510,-322.5689347534531
1511,-15.765926362274639
1512,32.384094317327616
1513,-102.6390249429469
1514,-57.9495891356664
1515,-73.04456474117715
1516,-97.35308451522705
1517,102.81273669110992
1518,-131.4755735889064
1519,-215.61457858442984
1520,-218.3159354291525
1521,-1987.2476956301082
1522,-128.98813610604662
1523,-468.7241912543089
1524,-59.17850658659488
1525,-13376.365819032115
1526,-1282.9114294062992
1527,-126.73771760291922
1528,-8.485974117016902
1529,-54.9234632192518
1530,61.577649449026026
1531,26.93090720016853
1532,-91.81276536461527
1533,-42.312697297436934
1534,-83.38252434088668
1535,-237.17319942248736
1536,-6359.067390169124
1537,-38.70419049783423
1538,-190.60986661981033
1539,-870.4137583322671
1540,-117.80234401370781
1541,-6386.017127416697
1542,-4213.462930439132
1543,233.98529814693873
1544,-74.47529965507182
1545,-171.07663712215384
1546,-25503.57735268108
1547,-87.89990529218952
1548,-50.92463251107166
1549,-101.84151784619999
1550,-79.27665950720426
1551,-8083.552367720618
1552,-76.7741973070491
1553,-2767.4303663938135
1554,-17903.853821421653
1555,-1974.4737151883667
1556,-287.889758655334
1557,-110.74307848484182
1558,-27419.182448676907
1559,-81.37861204848983
1560,-263.42522815080076
1561,-235.40575635084528
1562,9.660664276797
1563,-33.03827733545811
1564,-138.4928053573404
1565,-75.64686561362151
1566,-101.36830896308625
1567,-138.55328747490518
1568,-6.975690820559128
1569,-63.255628267602674
1570,-303.1590393476699
1571,-3648.1422120360276
1572,-12831.119514258226
1573,-4591.2297910146735
1574,-113.48950225410891
1575,-154.93712376077738
1576,-69.39609610487042
1577,-11.002061370202428
1578,-62.93572231231845
1579,-31.145238948997676
1580,-8076.093326666667
1581,-75.70972589065408
1582,-176.55069062902797
1583,-76.01825531901603
1584,-193.88079722340734
1585,-45.58414025569969
1586,-7400.960155389412
1587,-48.033056605780075
1588,-40.15154507444541
1589,-119.93306121273625
1590,-6397.254233042191
1591,-15.218146655484242
1592,-122.26658596116117
1593,-11838.509574863989
1594,-20088.503842973365
1595,-1118.3423004071667
1596,-8702.521316317707
1597,-22.60635265805716
1598,-5523.966563355946
1599,-843.1641472464688
1600,-6.154997172741096
1601,-12.073083044715817
1602,-4186.659019955003
1603,-145.14157668091718
1604,16.19225925556138
1605,-11.117101075610286
1606,-455.97451859974757
1607,-432.83319652812963
1608,-89.02155212401584
1609,-197.90594665268964
1610,68.17595566330448
1611,-12685.62848465114
1612,-86.58003809223382
1613,-4597.186636420606
1614,-2812.3862131066426
1615,1100.7549420182659
1616,-88.24309444447235
1617,-56.05106778212044
1618,-16823.979324997697
1619,-83.75457992483493
1620,-8.56775378770868
1621,-21919.392344642074
1622,-65.15444787174047
1623,-1031.9763000811536
1624,-382.24899676138887
1625,-1212.6228108409505
1626,-98.47385301042073
1627,-12.226113277324364
1628,-1829.0103814891936
1629,-15072.955068386485
1630,-157.81324511723875
1631,-142.3694346640754
1632,16.531150851954994
1633,-180.70955742785398
1634,-284.8490819517747
1635,-24789.766453472366
1636,-70.87032734928758
1637,-232.71094164963247
1638,-5155.0978736830175
1639,-38.123155097075646
1640,-14185.632839351814
1641,-5623.660765102032
1642,-73.29938227591865
1643,-59.093581702974376
1644,687.699053277261
1645,-45.1846293830462
1646,-102.18125107623143
1647,150.52260000803054
1648,-158.59506006480032
1649,-27.0788916665284
1650,-115.41797578006461
1651,-5930.294647868539
1652,-14321.798866649135
1653,-4415.9017963231045
1654,-12640.079896235675
1655,-167.55319101850534
1656,-67.328682698137
1657,-114.29148800992523
1658,-69.71789051993352
1659,-64.84981818182614
1660,-44.950584624751244
1661,-94.12676940855974
1662,-56.301643827229235
1663,-67.7367868408864
1664,-44.25100328064842
1665,-48.67520313049975
1666,-9357.025524423922
1667,-14103.899199199604
1668,-1068.1010477632085
1669,-571.6485797263286
1670,-596.2858785244325
1671,-1782.1962442185265
1672,-6174.310174276559
1673,-5171.230993349679
1674,-1632.031547172544
1675,-80.57500188182375
1676,-82.46716044984379
1677,-353.97040858317314
1678,-94.91472868647438
1679,-12965.3252676446
1680,-208.11237012919875
1681,-51.49947512453489
1682,-146.36211779493803
1683,-215.34156144855584
1684,-137.20449439511466
1685,11.377071511541244
1686,110.41362535630535
1687,19.81618844145189
1688,-99.14474782689733
1689,-123.08936188750104
1690,-240.45950037238813
1691,-110.37139747509303
1692,-3090.260496001192
1693,-85.4481370853369
1694,-6684.1489828127815
1695,-663.1366653699932
1696,-108.50121150164485
1697,1106.5248495506964
1698,-120.01473585551469
1699,-65.44301120517738
1700,-1949.5246323216404
1701,-105.14234415087586
1702,-32.28911047360843
1703,-4603.788051403602
1704,-243.49950893204917
1705,-15.385611189139345
1706,-28243.250806901317
1707,-224.04814817541438
1708,-1929.9453243599953
1709,-162.77189597905908
1710,-233.63114054425475
1711,-2919.9273708402034
1712,-103.49697406003308
1713,-83.36414185402852
1714,-45.655142851728954
1715,-3519.014074340943
1716,-194.48026075931824
1717,-8703.943947767191
1718,-5816.092357282138
1719,-100.35907207092556
1720,-110.8685805513422
1721,-5346.628556293613
1722,-67.65417011096324
1723,-1053.8310332282788
1724,-18146.121193291267
1725,-5363.6298839368565
1726,-28.946536605607573
1727,-197.86718287039892
1728,70.12863491819603
1729,-103.81595239549705
1730,-1154.3006566799122
1731,-118.23904324915004
1732,-935.2018966334518
1733,-205.99787131818215
1734,-52.43303447443563
1735,-34.345171257324985
1736,-22497.307672288298
1737,-306.24892863736534
1738,-444.2289163966589
1739,196.77856408608758
1740,127.924664906882
1741,-147.5656936871141
1742,-3194.9418114809982
1743,-300.0422075351708
1744,328.24356230506066
1745,-72.35131885086413
1746,-77.44334344928286
1747,-101.63675381056984
1748,-1310.2958104933564
1749,-2511.9008014125047
1750,-914.7928814841648
1751,-124.36870442852472
1752,196.78692098231141
1753,-175.88678751857776
1754,-70.40468855343049
1755,-70.67251485193266
1756,-100.67856853637936
1757,-2532.164589590556
1758,1.9400156321956787
1759,-267.0186132929789
1760,44.66042769676861
1761,-9.181939502615016
1762,-71.6071261260926
1763,-84.51275018251474
1764,-4666.269920208395
1765,-146.03864957784324
1766,-65.93182083114989
1767,-1026.1738414559652
1768,-19690.52531123698
1769,-680.7964344209026
1770,-112.09039194795373
1771,-7255.161863295563
1772,-49.58130956031826
1773,-75.65830595351011
1774,-238.43357840813286
1775,-116.92757302140781
1776,-83.64428899186434
1777,-24384.764014244618
1778,-16.105127388654555
1779,-155.29001987517907
1780,-78.0036534852078
1781,-7188.172461334851
1782,-7955.419706933928
1783,-9045.060123418269
1784,-4227.30752815972
1785,-92.3331457349378
1786,-310.6286149274537
1787,-195.5102178213525
1788,-20038.491168542143
1789,-280.1898704696697
1790,48.5014281229454
1791,-6645.984656974876
1792,-138.02690275325452
1793,-13275.09493557387
1794,-6354.882305451211
1795,-80.02999007461418
1796,-17406.578102416144
1797,-117.82890539151694
1798,-5748.058868015359
1799,-27.623615174315553
1800,-3960.7975270278143
1801,-71.70151514245735
1802,-239.58006921351537
1803,-211.47670267218933
1804,-620.7236539572394
1805,-145.83281100062578
1806,-2427.1355514319157
1807,-209.8193140786886
1808,93.64185942952452
1809,-4875.093204427892
1810,-3241.7011852646597
1811,-100.54511174382225
1812,-84.40837662348855
1813,-99.33032497949273
1814,-236.34097297750517
1815,-196.80728163321453
1816,-174.73190778834436
1817,-4944.079291894356
1818,-52.452399776917765
1819,-897.3755868161921
1820,-90.74943767893386
1821,-107.71018614065042
1822,-47.94019978104357
1823,-3250.4046706079575
1824,-96.03176188342374
1825,-3180.755263137864
1826,-8281.168512939259
1827,-18.4615098136667
1828,-7296.460824928697
1829,-44.69451212690279
1830,-12300.030746999999
1831,-473.5808611573371
1832,-605.9703787051532
1833,245.23635303893676
1834,-76.9744797776872
1835,-3629.53376408899
1836,-163.87749710513378
1837,-485.33997085262774
1838,-12.285881715143113
1839,-31121.881490972504
1840,-103.91780826390858
1841,-7.841965730214657
1842,-39.45783295984859
1843,-6693.731218009843
1844,-3038.660120804471
1845,-106.03935436828108
1846,39.15728154945915
1847,-6472.364902715201
1848,-355.9768780142515
1849,-215.45245174730707
1850,-10996.897687649074
1851,-87.3520625661136
1852,-12815.81552106362
1853,-41.028497881782414
1854,-50.212023932371466
1855,-142.89766907882287
1856,-1602.9908153122117
1857,-138.7597735152873
1858,-17477.53478730629
1859,-233.79792756400704
1860,-131.1602460664426
1861,-56.94484028953846
1862,-101.002829131301
1863,-2661.972053866804
1864,-86.87873055305218
1865,-11131.333102606024
1866,-1526.838499047541
1867,-174.62112322402263
1868,-210.7028832108121
1869,-75.66183245888561
1870,-7.637483631728922
1871,-47.48012699011095
1872,-239.5601421648881
1873,-4322.054445250107
1874,-40.09479091413676
1875,-8832.07784020871
1876,-319.8313142169672
1877,-148.40990750569884
1878,-5508.56163106852
1879,-3933.987395349576
1880,-141.12131375753458
1881,-78.75714549514815
1882,-334.59311555014887
1883,-6634.936663344959
1884,-442.59152703975474
1885,-663.3346675043098
1886,-98.83711325013053
1887,-1038.5459189255166
1888,-13697.91650470594
1889,-324.69313975221337
1890,-2657.6986489494675
1891,-27387.057689930152
1892,-357.5173175011861
1893,-164.20408045762983
1894,-2153.8622843154367
1895,-134.54295968239927
1896,-48.71639143217758
1897,-7825.458037508839
1898,-269.35464449609486
1899,-17654.284033431242
1900,-4117.756972356596
1901,414.3862840875581
1902,-45.00282761059545
1903,-193.6053486335682
1904,-7355.557651664707
1905,-2391.888121107816
1906,-138.875736235695
1907,241.00437586468988
1908,-9796.182568994278
1909,-256.039151758837
1910,-237.3002466213015
1911,-5165.155793738157
1912,-328.74277221364514
1913,-152.6411187074618
1914,-42.79205042389282
1915,-82.31079989124493
1916,-16280.990012016548
1917,-30.499896402807465
1918,-2169.244815397768
1919,-6644.977281574054
1920,-430.4031918616087
1921,-72.57296874149922
1922,-124.78016392382942
1923,-2935.627899102797
1924,-116.07390702292307
1925,-384.00039600184334
1926,-427.2128215092727
1927,-4212.716948499343
1928,-1770.534323916387
1929,-5998.09821675784
1930,-3012.7981515170745
1931,-211.8198731777817
1932,-2122.5749775288155
1933,2.5350581362830202
1934,-342.3091189642928
1935,682.7748929310128
1936,-251.60694875448198
1937,-112.61318192966576
1938,-261.6606716004041
1939,-8317.63055457007
1940,-21.73763953114788
1941,-5670.047569133187
1942,-349.1590782324377
1943,-156.251460195275
1944,-355.6114921601501
1945,-3215.3186067446386
1946,-16493.117724499585
1947,-34.06180800985
1948,-65.54469356094566
1949,-600.7218776669495
1950,-374.2576009033243
1951,-166.72223062525273
1952,-4064.537675766476
1953,-106.87426944384063
1954,-8319.999035420857
1955,-10950.667839758717
1956,-335.8776618473326
1957,-200.69590212278754
1958,-142.84129225707136
1959,-61.222765553788506
1960,-146.83104695004306
1961,-1002.5994506860976
1962,22.973381785412414
1963,-234.71871267195078
1964,-144.80514384523917
1965,-467.78694531411435
1966,-68.97373916624565
1967,-162.0212064613492
1968,-263.24211280187427
1969,-676.0967883481723
1970,-3971.6580184834197
1971,-120.35403291369849
1972,-221.99204616018397
1973,23.31947766467824
1974,-179.25120956643178
1975,-4433.928853081284
1976,-15745.827918779933
1977,-12165.372900251356
1978,-460.02037318719835
1979,-347.74074192585147
1980,-165.3232811531768
1981,-14516.901946299044
1982,-769.1646170853836
1983,-31729.67472255761
1984,-90.94892153004729
1985,-145.80865983601257
1986,-60.07765370455468
1987,68.1385015115533
1988,-7.503242725912455
1989,5.377457027203142
1990,-19.289316511125637
1991,-31.75623397956065
1992,-113.5578419377519
1993,-77.47907322180252
1994,-5779.584275581889
1995,-52.10120196616051
1996,26.29635950357797
1997,-1392.001724356812
1998,-4.536508794975627
1999,-57.72750237682722
2000,-117.26364795269957
2001,-19.539792010050324
2002,-53.97639127790087
2003,-28.78898397493823
2004,-144.90632589807953
2005,-129.18045609188837
2006,-313.90231401908784
2007,-860.1028502345177
2008,-6690.3603112501105
2009,-118.10087800527096
2010,-69.50478407722304
2011,-32071.984776723417
2012,-581.2416535244247
2013,-752.9493227082108
2014,-1122.8420966909555
2015,-1803.0908852024108
2016,-460.5944388275656
2017,-148.62944096269138
2018,-3801.9823268140235
2019,-18309.943187052253
2020,-292.226023576819
2021,-15969.005229798695
2022,-8906.964176136375
2023,-152.99185983274137
2024,-34.600933567807694
2025,-144.5315672929527
2026,-156.70573847169337
2027,101.58590461468398
2028,-339.6717656663844
2029,-304.52663117605107
2030,-2072.4716219914376
2031,-31.730948639600715
2032,-5163.569041694426
2033,-13443.762917926153
2034,-25637.44506180336
2035,-277.55236549307176
2036,-80.05419442459817
2037,-195.18328886424646
2038,-41.27443453881767
2039,-186.27222319714866
2040,-243.7444630684114
2041,-156.0835234577199
2042,-92.36262719050168
2043,-308.7961107567233
2044,-119.12068496588175
2045,9.76652024593977
2046,-804.4962024849181
2047,150.5581841156346
2048,-162.4133156097155
2049,-1073.011207299787
2050,-2127.455217591332
2051,-220.41672261119268
2052,41.40742728576425
2053,-184.87645096556747
2054,-4047.0939448666604
2055,-304.16488311533664
2056,-14899.78946287135
2057,-367.2611619515077
2058,-22188.390261310054
2059,-0.8509182115852159
2060,-45.26884076543551
2061,-92.37282393924319
2062,-138.5812986939753
2063,-294.70385731176987
2064,-216.76541254922506
2065,-10678.130005016144
2066,-462.7843530384525
2067,-5221.729674116937
2068,-253.29701073045254
2069,-150.81642676605745
2070,-238.31913877239936
2071,-5137.483989112003
2072,-10072.414505434916
2073,-22.23025423254924
2074,-450.8789990420448
2075,-55.46928700435408
2076,-19.52394394537835
2077,-722.4411967302104
2078,-49.95201632663894
2079,-190.86360713998667
2080,-416.5336380167082
2081,-720.7997628283617
2082,-77.5767452968501
2083,-378.12132946890625
2084,-40.79383172066124
2085,-36.657029641471155
2086,-183.27939970592539
2087,-39.56049392569444
2088,-15.64336236468935
2089,-152.70097442398833
2090,-146.56339131458375
2091,-11346.645549542767
2092,-192.49655491475434
2093,-2162.906705469006
2094,-294.26672069382505
2095,80.37749697346621
2096,-85.97971982277772
2097,-94.85903136646834
2098,174.12755467936776
2099,-361.6029856672954
2100,-572.7925915098399
2101,-192.43256734660434
2102,-6792.173458779104
2103,-5388.613080869133
2104,-61.37944180528479
2105,-4792.033522021502
2106,-13.670496863760876
2107,-149.55758292124636
2108,-267.4429627124923
2109,-145.17110657151503
2110,-9940.433496697213
2111,-11241.097772087769
2112,-164.67977948123504
2113,-113.24332662928127
2114,-12968.290013594828
2115,-149.8654743237661
2116,-393.5856890885193
2117,-82.96530988972897
2118,-105.48269926785574
2119,-70.12513214511058
2120,-78.92260408334852
2121,-233.9805318750833
2122,-112.13183218677376
2123,-329.91213982775434
2124,-121.43852668254213
2125,-12559.947276391975
2126,-654.8758461993275
2127,-112.83481337683362
2128,-9663.971263506095
2129,-17.964611305443803
2130,-189.87347533304015
2131,-46.3037415531683
2132,-28.586787585687336
2133,-242.87125161946355
2134,-101.61445201169434
2135,-7.936910056293052
2136,-8767.703576303065
2137,-15375.540742212484
2138,-719.2873427401348
2139,-99.66650062078372
2140,-292.1869887792195
2141,-69.74393949942055
2142,-187.71191900702203
2143,-234.40806446832542
2144,-746.7516196920801
2145,-24.48735326617519
2146,-222.0959218324466
2147,-5805.5980867239
2148,-6310.836090971238
2149,-102.55952607111891
2150,-702.2925981586118
2151,-9183.927794663372
2152,-3752.1344274338667
2153,-46.310540911578386
2154,-29455.36362839899
2155,-100.37372880210508
2156,-16.16177475820346
2157,-64.82187056107253
2158,-8245.329801190454
2159,-135.03334372230282
2160,255.32213475983488
2161,-93.6538357268584
2162,-310.73180943257506
2163,-220.19525730932318
2164,141.83113270841167
2165,-140.1015454672439
2166,-73.97603359983357
2167,-34.88557332516087
2168,-18364.298753894716
2169,-507.3166511253796
2170,-105.04805302770117
2171,-334.8445367167601
2172,-154.8213244273179
2173,-107.82043574557846
2174,-11748.958387286299
2175,-110.50282957321964
2176,-40.0633150586304
2177,-206.62620134940124
2178,-160.06063160775062
2179,-89.97267097824559
2180,-21.838978461099735
2181,33.80067077846679
2182,-11499.616648671397
2183,1.9512245724974562
2184,-75.14492056641056
2185,-105.17199742644662
2186,-48.939521274392654
2187,-109.59311575799089
2188,1548.5364344932761
2189,-1429.0245452203822
2190,-336.29823526421455
2191,-237.35953975360303
2192,-8300.471559142492
2193,-49.6569023750899
2194,-3913.605284061054
2195,-182.5817543745184
2196,-313.27797910908663
2197,-269.865391358094
2198,-78.5419270718265
2199,-118.9278139388725
2200,-150.88812771737554
2201,-1248.7260561069786
2202,-211.03895183579974
2203,-8024.070676917312
2204,-102.6340987890508
2205,-329.5383040008986
2206,-155.5745508017291
2207,-105.76270610732375
2208,-460.55066094511056
2209,-119.04349071269822
2210,-45.91020779637691
2211,-140.55072168351728
2212,-386.2456026511832
2213,-8167.125656481973
2214,-379.40086176879447
2215,-190.12520890532053
2216,-341.9668030783452
2217,-435.29424609800867
2218,-269.9800803255446
2219,-5497.953921519819
2220,-355.8463132957757
2221,-129.1262734206926
2222,-147.63992003456823
2223,-69.63912152319669
2224,-12.006966543861314
2225,-291.102349085111
2226,-1058.4513447666666
2227,-4818.3031124168065
2228,-475.1103542688219
2229,-27.90280377075532
2230,-206.3762171799318
2231,-2791.6395605026214
2232,-133.8688063167695
2233,-11468.065808731988
2234,-22.178571278088114
2235,-193.0399840438087
2236,-23145.926443620236
2237,3.7762263075820868
2238,-224.52595043420698
2239,-216.6793060925232
2240,-56.70940677911462
2241,-491.2682950133745
2242,-408.51729169855105
2243,-36.70641003351745
2244,-98.502008457041
2245,-246.69707698398628
2246,-445.1626603379275
2247,44.52662961868609
2248,-62.725929930358774
2249,-9319.039145121193
2250,-143.86639682108202
2251,-483.6651884692851
2252,-109.54134955864158
2253,-255.37645593562902
2254,-8145.771355275142
2255,470.3765136289901
2256,-318.8111031507286
2257,-16415.778589107755
2258,-87.68147817088052
2259,-16.099796259619104
2260,25.362132972568194
2261,-139.7723780511521
2262,-5145.324679188071
2263,-272.2762108202402
2264,-304.75659123341745
2265,-68.0759458525567
2266,-142.11675234136953
2267,-185.08616720713866
2268,-183.46792458328497
2269,-502.3217171247474
2270,13.80494437012071
2271,-177.7454839685078
2272,-164.58116549165516
2273,-108.84132002117005
2274,-32258.597480897028
2275,-164.34629275894704
2276,-17136.338823044305
2277,-166.05945356248876
2278,-6859.454469326262
2279,-1903.7513017329047
2280,-98.19773058305037
2281,-34.966222063541444
2282,-4149.595367241962
2283,-112.5427312420907
2284,-14.0805236414249
2285,215.76039209238996
2286,-160.27226911735622
2287,-82.54110697781532
2288,-104.3684925886054
2289,-81.66052507814408
2290,-1274.2448644420897
2291,314.469156058696
2292,-96.10536727268124
2293,-293.0025034418302
2294,-60.32204857156765
2295,-4989.193855815952
2296,-179.81920963195304
2297,-27.201886028087884
2298,-75.41262807161516
2299,-69.90086880801769
2300,-120.57702121498401
2301,-281.4976654285192
2302,-85.19496939089258
2303,-2753.0416324520097
2304,-13853.924268907009
2305,-321.8998841426892
2306,-3307.44642572217
2307,-36.55770253163359
2308,19.015950468919105
2309,-137.2285617892691
2310,493.75012743950623
2311,-2681.629572388393
2312,-6746.890524485136
2313,-57.66557492132262
2314,-112.40944225524551
2315,-22973.167162022306
2316,-246.53841721033805
2317,-537.6761446254841
2318,-199.82193568611908
2319,295.0652474779969
2320,-102.67785465141108
2321,-53.374951060341566
2322,-291.15013079125816
2323,-6.863776324017935
2324,-147.70575485751775
2325,-112.19129779560447
2326,-68.89629561317358
2327,-4756.605826985752
2328,-124.22818914295281
2329,-81.71514060494444
2330,-306.49050489079
2331,-146.20949929631982
2332,-36.05311953614977
2333,-131.69724753601866
2334,-2080.3289674228863
2335,-175.12263143060179
2336,139.10325602068787
2337,-19056.836751866125
2338,-52.08698449842244
2339,-303.0759230575569
2340,-346.3650578318749
2341,-354.7343951920689
2342,-3652.39512894666
2343,-8586.326683665298
2344,-49.720997026436805
2345,-142.35643702059008
2346,-8734.311370104011
2347,-50.182360764648024
2348,-33.33203954297211
2349,53.030371201705215
2350,-40.35681727209169
2351,-49.73524708520609
2352,-9872.021174044276
2353,-253.4884778151122
2354,-1350.1318006277043
2355,-136.29919185330655
2356,-1819.0108604633062
2357,-30211.808559114583
2358,-172.72958595625337
2359,-7377.248845963902
2360,-305.18019364870855
2361,-35.91927826023951
2362,-87.84000100372734
2363,-17403.989593927938
2364,-161.0460725990802
2365,-85.1181048043836
2366,-133.6308613532911
2367,-339.0271097843589
2368,-142.8990380962769
2369,-6.924513123463048
2370,-3827.7065028608004
2371,-4269.788950854751
2372,-12121.704446321843
2373,-159.07215000731426
2374,-72.77740544390707
2375,-8126.8176924799745
2376,-1327.320442863075
2377,-42.211762513719236
2378,-1741.1413915146607
2379,-24.66023169267721
2380,-113.83665190344087
2381,-326.82898707698
2382,-2773.555487082229
2383,-67.99875384678506
2384,-8.508320329582483
2385,-102.02848911694741
2386,-68.54004862507098
2387,-29.009444910296505
2388,-1263.9170344631589
2389,-4646.170276096547
2390,-7517.353404372859
2391,3.976544139864827
2392,-251.85860089168852
2393,-323.8794773140123
2394,-1091.356336460502
2395,-8451.754611496233
2396,-59.79615883654634
2397,-16.02044257421792
2398,-202.53064656962937
2399,-222.57280195775115
2400,-42.14315278487899
2401,-23723.534033626278
2402,-55.18450640033826
2403,-54.10796010314401
2404,-71.37734115239736
2405,-531.8559051448204
2406,-170.373855193752
2407,-78.4669307390364
2408,-158.05055812179842
2409,-6175.861708204482
2410,-136.98721283251103
2411,-4141.6290793578555
2412,-4217.911160983533
2413,-216.49256740955784
2414,-22.31395474411047
2415,-5053.254878123676
2416,-4518.718155239764
2417,-29.864220403521564
2418,-21.72167831865218
2419,-68.49953104019302
2420,-137.56329366531966
2421,-64.13591050222186
2422,-81.8752711678244
2423,-33.07721018827768
2424,-4068.790994460819
2425,-271.0269573699825
2426,-44.53940044197354
2427,-70.52936698744811
2428,-76.00898984144266
2429,-114.347599936924
2430,-102.72297207773812
2431,-45.74299194811495
2432,-8627.627930040437
2433,-25.55637931002224
2434,-279.9355400503431
2435,-4263.6748523844735
2436,-101.14105480589895
2437,-73.89667351634945
2438,-540.6329302275399
2439,-151.22404923698073
2440,-137.1417530724353
2441,-1914.9541309492765
2442,-13100.726606045502
2443,-43.00664268564214
2444,-213.0660845050113
2445,-226.8148112345315
2446,-236.11119131331264
2447,-293.13000390050405
2448,-72.65779396334872
2449,-59.83048707516941
2450,-2647.927221302408
2451,-5394.218671832277
2452,-55.5324210685084
2453,158.0503969007962
2454,-364.5452038142102
2455,-277.83770914155645
2456,4.308543225268364
2457,-82.91942613476525
2458,-62.08747006618876
2459,-80.50564260190367
2460,-40.17020121924239
2461,-20.189967701952956
2462,-3959.7745982789465
2463,-2315.628024832994
2464,-66.67773397652446
2465,-49.38725697998263
2466,-266.86525178339605
2467,-12452.854641974041
2468,-31.723810793769406
2469,6.795766766408612
2470,-519.8005877123194
2471,-49.447551207427274
2472,-6130.472978785399
2473,-198.17698429512484
2474,-78.02222883935532
2475,0.8240667251584013
2476,-195.6668949569903
2477,-139.99502724447024
2478,-83.12250770314587
2479,-14160.656771016636
2480,-134.71769005799013
2481,-13591.70608442159
2482,-145.0760387844714
2483,1773.261131671884
2484,-3290.212201975852
2485,-107.03019840035456
2486,-97.61286737170875
2487,-137.79436193960575
2488,-72.02115675034352
2489,-61.708026124142265
2490,-162.1270356301087
2491,-200.7908054317522
2492,-309.54580569054406
2493,-4526.350588739823
2494,-117.84044775361896
2495,-6647.280123225717
2496,-87.99876230294701
2497,-31113.317831739067
2498,-31690.073740688495
2499,28.57081497752443
2500,-5690.092072753828
2501,-277.10778361789164
2502,-166.63980983092114
2503,-122.15012754028352
2504,-14869.838982437323
2505,-13766.951143099133
2506,-97.5140794008261
2507,15.668932344419225
2508,-6673.353696544957
2509,-9724.959127185035
2510,-111.56734217854006
2511,-2716.469460253383
2512,185.7366229780865
2513,-5439.287132645186
2514,-4651.488125488847
2515,-1598.284249458283
2516,-99.10245711688403
2517,-91.7130158176233
2518,-734.4794909509424
2519,-156.7474920358708
2520,-257.39778960189176
2521,-3555.236851649861
2522,-68.7957916917907
2523,-7.394119610533075
2524,-171.6561071535862
2525,-599.973701342891
2526,-57.35664051460213
2527,-318.72751786856963
2528,-118.50877987586391
2529,-144.45343713727553
2530,-119.58693440592808
2531,-254.02359471581335
2532,-414.50426822999094
2533,-128.85472881822386
2534,-178.02225888508394
2535,-2.494925718236752
2536,-186.47965909672573
2537,-2582.6754730852554
2538,95.0967640944336
2539,-16.537781391258402
2540,-25.086399381674372
2541,-24739.576667959216
2542,-1773.345125673694
2543,-495.64557971702317
2544,-187.01657261708596
2545,-11990.775813614626
2546,-3918.4556223937047
2547,-50.423579963991585
2548,-207.31657275857273
2549,-4179.341539710367
2550,-5911.289837377962
2551,135.05316445456018
2552,-233.37752118013938
2553,-8.5833971072988
2554,-62.76289709046861
2555,-57.12668521111462
2556,-14713.738769861448
2557,-53.58677181660882
2558,227.27107116900282
2559,-4902.25629105654
2560,-152.63121283508104
2561,-11566.414175000256
2562,-13135.543982378364
2563,-23.070466887033973
2564,-6824.038159963426
2565,-79.92001191051921
2566,-13537.315222737578
2567,-100.22657687276106
2568,-11027.700841002366
2569,-4501.631165976457
2570,-436.6077179097784
2571,-270.5086749502887
2572,-129.8962085212644
2573,-38.218677887170244
2574,-76.34734439283991
2575,-7418.020526434957
2576,-75.18185758966526
2577,-51.30375439645173
2578,-914.0377824544038
2579,1.1057427416484593
2580,-258.1104717240581
2581,-199.02380939171567
2582,-17345.850707389203
2583,-108.87020001351388
2584,-850.1824658639457
2585,-5066.95228026224
2586,-151.10967076785647
2587,-40.231088651861356
2588,-1068.4326590132596
2589,-173.5409727527404
2590,-114.16679313723468
2591,-106.153024909443
2592,-111.22644497534591
2593,-191.8698585207872
2594,-122.07498630058541
2595,-4065.2564680396954
2596,170.24219623494716
2597,37.79397183519556
2598,214.12439794715323
2599,-6.197384491810946
2600,-9547.41432721702
2601,-222.26716417104873
2602,-41.01576673712859
2603,-475.7555168124634
2604,-62.01479994605518
2605,-2031.2534669030733
2606,-271.0366206182031
2607,-48.026751102500405
2608,-9522.302825757477
2609,-194.19458026581083
2610,-1292.701633433501
2611,44.774744695290394
2612,235.04432524012884
2613,-14048.57054586899
2614,-242.7826138054786
2615,-217.1350742317025
2616,-331.7087459845778
2617,-14604.846049373384
2618,-55.44979611927887
2619,-18021.283235630708
2620,-103.25237007599543
2621,-848.9373897466246
2622,-3195.662127576384
2623,-453.7936163737661
2624,-20.692210098847386
2625,-131.13770313315786
2626,-12300.309066880063
2627,-205.5690801840467
2628,-29265.558420433124
2629,-485.729081205691
2630,-21.59395680105454
2631,-278.1649360146719
2632,-36.60500866358395
2633,-301.63283929919146
2634,-44.84054886504158
2635,-31.163021760948006
2636,-42.82929598398819
2637,-441.40868800838064
2638,-3487.209773527018
2639,-19581.529440279377
2640,-509.90967954206934
2641,-6783.141465919944
2642,-187.76364270993938
2643,-22300.48612661819
2644,-259.86035270010007
2645,-64.70611610416141
2646,-6190.550433759995
2647,-1083.48175710362
2648,-217.03930452813785
2649,-221.50917159571983
2650,-299.79886870671766
2651,-274.97863120401354
2652,-206.829318180989
2653,-386.2258853367531
2654,-100.98905094965788
2655,-422.43541298015344
2656,-1037.4715499014685
2657,-227.4330372281099
2658,-18211.942264725883
2659,-32590.824807163477
2660,-1210.8386425056597
2661,-50.3920386717207
2662,-172.89735911150547
2663,-64.9014727681698
2664,39.372161833224155
2665,-10226.141917780516
2666,-2229.7901237688448
2667,-34.26422350635201
2668,-32.40043797646982
2669,-17.520184082686974
2670,-8126.743087176327
2671,-117.62610591804811
2672,-7242.501753113483
2673,-533.2357237785385
2674,-656.66969709698
2675,-4746.894790893127
2676,12.249619622484463
2677,-38.43060098401271
2678,-2135.0348249864483
2679,-5595.022032316694
2680,-20380.191489353343
2681,-125.16301869453942
2682,291.64074382684174
2683,-132.84401894870084
2684,-48.174476050365406
2685,-284.20348586985784
2686,-101.95483905505405
2687,-274.6659276735929
2688,-107.3607035171619
2689,-290.6735324135229
2690,-158.05028773451176
2691,-78.37267905231975
2692,-86.23552137951472
2693,-241.95748697617012
2694,-1189.7167496929203
2695,280.37295580129665
2696,-198.64022203910122
2697,-144.46554352421035
2698,-4233.08433173628
2699,-3441.948486158345
2700,-8.182806833205692
2701,-119.8240604907016
2702,-719.0178410907945
2703,375.54487489966476
2704,2.8719919408417973
2705,-446.3022608156684
2706,-70.1691356792164
2707,-329.10951289336356
2708,-449.6935126035467
2709,-98.04373420171338
2710,-26.547266301800757
2711,-78.076211219837
2712,-129.16678770850024
2713,6.837815074066203
2714,-5066.535043711458
2715,-3234.9431016759295
2716,-6526.252429650967
2717,-46.303182904944514
2718,-208.0861521132054
2719,-4096.872715268222
2720,-54.189417524891965
2721,-203.48658459246485
2722,-138.57932361221515
2723,-257.93436966079054
2724,-61.29977102387741
2725,-199.3656484521763
2726,-13140.788958869713
2727,-140.7577344737439
2728,-197.84296320384937
2729,-97.98892793957997
2730,-5023.652178729932
2731,-97.6821030357524
2732,-21450.090325198686
2733,407.15007310006627
2734,-5135.139067382027
2735,-166.1292690939558
2736,-541.4857546719944
2737,-155.29054726992607
2738,-10.304449097925687
2739,-79.78610849863776
2740,-289.2449598786218
2741,-24.32514512624372
2742,-76.92012223667084
2743,-8171.445274099569
2744,-278.62703053933876
2745,-158.84052873308374
2746,-72.53405854589565
2747,-25.599598621322126
2748,27.669582092924905
2749,-8847.962090610532
2750,-110.70705456843301
2751,-28.81106021617467
2752,-1088.1912196653502
2753,-275.2989363049385
2754,-11912.549181835111
2755,-130.83521746434104
2756,-1973.1755763521114
2757,-80.99541235942286
2758,-171.56857604195568
2759,-20.641820262113754
2760,-102.93664796721075
2761,-37.37333048991178
2762,-15.25653819366311
2763,-6574.263313764993
2764,189.26264217968603
2765,-118.28310290379956
2766,-6674.29473739139
2767,-8185.427838603759
2768,-1053.9614833845824
2769,-137.53720454363346
2770,-242.2926040373465
2771,-184.08438766842696
2772,-18.545993097935135
2773,-22623.2329978549
2774,-56.37147667142016
2775,-19809.330414643784
2776,-8538.850921002968
2777,-256.7598757581622
2778,-2474.326660129477
2779,-65.28830319976466
2780,-126.9685788786223
2781,-283.7236514023651
2782,-232.37764663592804
2783,-153.08814038661436
2784,-1258.7561848181508
2785,-166.54429741209785
2786,-133.28077285603365
2787,-8366.412690799965
2788,-92.88338825716261
2789,-207.46356214418637
2790,-3642.701326517893
2791,-29795.12400103224
2792,-149.57872641672844
2793,-7256.403204182906
2794,160.42159744996584
2795,-420.5125655912794
2796,-98.95729809856633
2797,-302.6590883132068
2798,-23.98938609896705
2799,-8002.517516131301
2800,-173.48311031646
2801,-52.58342404235645
2802,-58.7295952797555
2803,-3387.019387897294
2804,-25.338521400597568
2805,-89.33017322703627
2806,-223.63861287075915
2807,-8348.208563007944
2808,-253.79283158997458
2809,-170.94807214510575
2810,-92.32566935888097
2811,-17018.551973212725
2812,795.3197241917545
2813,-68.19344250060371
2814,-174.7484384896085
2815,-110.32365367915223
2816,-3282.2886947457678
2817,-17607.777054681028
2818,-341.2255228373488
2819,-152.47797703837807
2820,196.67971128484314
2821,-173.20671659697615
2822,-9030.76177103136
2823,-27830.412121986086
2824,-955.2761022083768
2825,-262.29636465120393
2826,-217.39444366943695
2827,-62.912773785826644
2828,-3037.697914578222
2829,-133.41664806777743
2830,-27.31608641202527
2831,-27.3387066618505
2832,-111.41352683335495
2833,-2189.336329263457
2834,-128.78992792268204
2835,-8351.737580656172
2836,-31.7561877125051
2837,-81.42999250164857
2838,-171.29874653948846
2839,-115.18379604748479
2840,-978.9823193267794
2841,-5437.331329451235
2842,-424.3988039042298
2843,-237.44872775821526
2844,-305.2528595939744
2845,-126.66181202724566
2846,-260.30054519621586
2847,-1388.7992210918922
2848,-608.4603203545728
2849,-94.97253032353206
2850,-2010.7073882029501
2851,-31.617527569708916
2852,-6.341755124224215
2853,-155.63358002066127
2854,-298.3252246497374
2855,-84.14179100609095
2856,-134.06538854508278
2857,-34.42819571164471
2858,-151.84192991713175
2859,-33.99698063226492
2860,-2845.315384938913
2861,-110.54255226674347
2862,-105.75171739447289
2863,359.5716680844535
2864,-48.293345939458376
2865,81.11919186420604
2866,-18.722458349900613
2867,-63.82879445737126
2868,-144.62645312710478
2869,-298.08384761570613
2870,-185.15039415817657
2871,-6046.691162795364
2872,-186.76944453541216
2873,-15659.246476788698
2874,-29300.69939862157
2875,-14295.01855039846
2876,-20794.51693535448
2877,-155.6470645457844
2878,-59.149201628542045
2879,-504.86752591276377
2880,-83.8829775336927
2881,-16.326173756054594
2882,-4095.294040871308
2883,-154.22359461532554
2884,-11051.025488096915
2885,-164.57468016227818
2886,-188.8522398591157
2887,-8844.012716090512
2888,21.564526066694903
2889,-1371.876832376862
2890,-3204.6011604087125
2891,510.4640213317991
2892,-90.89602163672701
2893,-261.02820504315537
2894,-111.68057515014094
2895,-18.184694672363992
2896,-11244.451093255104
2897,-244.46840305849906
2898,-29489.22497519236
2899,-137.58979272697673
2900,-208.95540888554035
2901,-108.9971246875947
2902,-122.73786404883298
2903,-186.0252174373293
2904,-88.31128978799323
2905,-21151.940229139847
2906,-169.90289428273226
2907,-52.849768003413296
2908,-17902.503137510404
2909,-117.87072685366903
2910,-8648.509202097805
2911,-156.38730467676461
2912,-121.69259262990985
2913,-74.61285153070492
2914,-5366.557873334531
2915,-103.3802004191647
2916,-66.78261573544194
2917,-136.978195160698
2918,143.67098029617455
2919,-22349.826043980334
2920,-10857.03926346728
2921,-301.6047724902453
2922,-212.01732575031656
2923,-221.07344886680647
2924,-123.01880579509763
2925,-91.65039857910656
2926,-137.1252289839066
2927,-13727.951966825327
2928,-22309.492671679167
2929,-48.30027625176264
2930,-5178.79905685807
2931,-816.1622328892267
2932,-128.7255432509747
2933,-571.5909381223698
2934,-21.151794523564064
2935,-3950.152298871278
2936,-3197.5615397150837
2937,-52.042510164722536
2938,-10.940374068747648
2939,-493.079675715091
2940,-55.39793742216438
2941,117.39729529177535
2942,-3966.682318378599
2943,-182.98379558424423
2944,-1910.9028041902557
2945,-721.1880906601733
2946,-1280.5451672136282
2947,-31.71693453206989
2948,-370.73393198493994
2949,-223.23358515744812
2950,-132.17885425224648
2951,-27.339004971970223
2952,-3081.5153874514917
2953,-14.768145669486556
2954,-1.2997831810123603
2955,-18930.752172064436
2956,-63.740781347515494
2957,-315.6798433965674
2958,-0.6810251983372474
2959,-1813.2417132048288
2960,-8911.290282082888
2961,-450.5682201831972
2962,-69.1748692498809
2963,-38.6409673510703
2964,-38.972559688134254
2965,-143.962866199663
2966,-353.8212060542396
2967,-91.67537263368664
2968,-243.20381732666974
2969,-93.05057966636629
2970,357.1657582553458
2971,-198.4288491792914
2972,-148.56185196651657
2973,-7150.794646560951
2974,81.85716101878121
2975,-8069.02347095205
2976,-128.6895173572076
2977,-288.71208557172514
2978,-13.737047704335328
2979,-62.01370287843008
2980,-40.63306229724832
2981,-252.98414598300138
2982,-94.28138719060891
2983,-654.7760924545217
2984,-41.64162902617053
2985,-512.1316938654885
2986,-54.87776052703575
2987,-28.818712569192613
2988,-360.06010525274667
2989,-6.551102680797661
2990,-6704.629999620271
2991,-203.05238768259906
2992,-60.15418072768605
2993,-10923.386631765652
2994,-21.739401051987212
2995,-114.72684344608959
2996,-46.94698746897848
2997,563.8777502302961
2998,-7884.704768640248
2999,-96.43374513477686
3000,-106.2862039354337
3001,-48.62189194090062
3002,-439.3092918946141
3003,-292.9637281473915
3004,-248.33448499488077
3005,-522.3588798858791
3006,61.594580275519725
3007,-116.71634469061586
3008,-54.26325341151973
3009,-330.5831121221064
3010,-25.253204574156534
3011,-161.86289556344295
3012,-385.92156491814734
3013,-64.62041446922089
3014,-1043.2313006428776
3015,-158.49421860300956
3016,-2357.8190559214086
3017,-178.38121103200146
3018,-118.69196964220264
3019,-75.66552756325679
3020,-484.274045922836
3021,-154.36958353154
3022,94.43810919312918
3023,-39.91583099276954
3024,-430.21679126616544
3025,-133.48628653444135
3026,-12.345603639338664
3027,-3435.071376399476
3028,-161.12394811158114
3029,-477.6617334382445
3030,-20.009464726979473
3031,-81.48591155043331
3032,-232.2084089392002
3033,-1554.990740447008
3034,-3207.4267028992285
3035,-7203.929750139263
3036,-377.8869998898453
3037,-13631.513323333324
3038,-176.07009028895374
3039,-49.44217208437647
3040,-19834.684825255623
3041,-857.3760704143132
3042,-236.8434916976013
3043,-3871.7431711264608
3044,-26.937776152026217
3045,236.40829470480148
3046,-6062.148283617125
3047,-472.2171019797658
3048,-109.82052897469248
3049,-99.83350020296226
3050,-227.37515813358192
3051,-6879.641975835592
3052,-144.31519966260805
3053,-111.2796974538183
3054,-50.39844840222832
3055,-9751.706151503462
3056,-7305.096974381815
3057,-88.83697192219584
3058,-91.09623494146952
3059,-23663.13242806541
3060,-7610.902052368133
3061,-1049.2353916262107
3062,-150.36554369546025
3063,-5366.373453040297
3064,-83.32931237858222
3065,-20.594814029275796
3066,-378.1751671907215
3067,-150.17666534148393
3068,-2664.322819713837
3069,-162.77207353114858
3070,-106.64214692094585
3071,-91.46470857659116
3072,-462.77437708675507
3073,-7242.691102104855
3074,-88.48683130062173
3075,-60.774388595030125
3076,-235.03060004427144
3077,-76.88004262308128
3078,-18104.069270068536
3079,-83.28259708531795
3080,-184.52122408993233
3081,-537.8458598511153
3082,-9866.51276262078
3083,-330.9732259217257
3084,239.591569550435
3085,70.97958376025275
3086,-229.4580864547769
3087,-42.11943636267974
3088,-83.25578599007225
3089,-8061.731831404261
3090,-137.9246769950832
3091,-157.0946571759453
3092,-83.2078271093455
3093,-193.22401621665904
3094,-8007.3118038655075
3095,-64.52938209458954
3096,-5130.4957000838585
3097,-83.19646624210483
3098,-1236.4369254765847
3099,-637.6776323409624
3100,-88.19529076088625
3101,-9342.811806324235
3102,-10599.416361736521
3103,-102.15571830447563
3104,-94.61187052315651
3105,-552.086296869085
3106,-9712.128093270609
3107,-99.6820251753706
3108,-29.477260019131215
3109,-3194.6800572581287
3110,-73.79401158185343
3111,-8751.994390912443
3112,-89.95252207814355
3113,-85.15429821552561
3114,11.348833923724836
3115,-69.23507377107615
3116,-33.195844022760426
3117,-90.21034758613408
3118,209.1004623710646
3119,-69.46381400917481
3120,-182.45279991013297
3121,-16.217223899172545
3122,-91.5264804457079
3123,-8785.618296571294
3124,-218.10448631398174
3125,-14983.183853642538
3126,-322.54494855509677
3127,-4959.757236539907
3128,-14205.382820877694
3129,-27663.438353058373
3130,-1202.1782475860375
3131,-373.0984966690801
3132,-100.27308955838728
3133,-5340.871017949343
3134,-285.8754916874603
3135,-451.86544957829375
3136,-61.19526409464746
3137,-5893.374120253821
3138,-762.8766377595057
3139,-123.73541535633885
3140,-314.4499056892834
3141,-260.29453817156076
3142,-8537.478982267758
3143,-28.954415797283833
3144,-137.67357084077324
3145,-401.3993068535649
3146,-4875.897389426717
3147,-130.02457528348162
3148,-80.54759356213503
3149,-11559.449533854227
3150,-15010.812055391478
3151,-160.39255395966947
3152,-278.2609842298571
3153,-132.31149881337234
3154,-132.93061749884478
3155,-14.260971019561795
3156,-1850.9709397816916
3157,-13113.896362824027
3158,-139.73864138266518
3159,-445.79532552229205
3160,-1450.5743318269965
3161,-159.7631851044264
3162,-107.80819587269406
3163,335.6411545897367
3164,-150.2545808720274
3165,-81.7658760532532
3166,-498.7596719211478
3167,-1060.1767053255232
3168,-484.3927167524823
3169,-124.28998654412042
3170,-53.580694564064736
3171,-53.440643469701904
3172,-29248.306061478535
3173,-3357.268170726912
3174,-4133.904559827356
3175,-12.616884906126902
3176,-19244.061651429536
3177,-69.07388796647028
3178,-241.9901758405983
3179,-68.36578148953473
3180,-232.31372423677766
3181,-3138.4553074164833
3182,-234.93054427974369
3183,-574.5627165024956
3184,-51.5533463752564
3185,-774.2332254103629
3186,-5052.509962875368
3187,-213.20614688162317
3188,-18.651855817705272
3189,-445.4436828526073
3190,-80.35505980676774
3191,-4515.055716400256
3192,-2468.0593061211516
3193,-1254.3473277587593
3194,-122.75846670945084
3195,-29.423140757302185
3196,-71.12010116353046
3197,-32.41752555800995
3198,-27.155840480777496
3199,-110.05016611783638
3200,-96.19370500539024
3201,-184.01617217617445
3202,-20.16365168997464
3203,-5824.749241628437
3204,-14641.743212800788
3205,-5881.726710798438
3206,65.42768712668492
3207,-7638.144742746759
3208,-18459.91651236122
3209,-18649.106146317423
3210,-145.91147505341968
3211,-91.10060733076058
3212,-154.6722062064828
3213,-155.14853698092995
3214,-15844.905795364815
3215,-21416.462389581826
3216,-17192.755536974546
3217,-15845.51177798693
3218,-8475.055072341635
3219,-12507.31942162071
3220,-25483.054648248122
3221,-11357.329334149064
3222,-19457.735796464025
3223,-19831.11412361967
3224,-6950.405602808307
3225,-25621.68814642688
3226,-5630.056639178829
3227,-2517.038965895362
3228,-11043.037422606207
3229,-9302.230339497482
3230,-9957.218196169399
3231,-11912.724158513669
3232,-8667.35412117447
3233,-23691.388747920868
3234,-2384.1991392082
3235,-3228.1562303673127
3236,-6954.551598398875
3237,-6263.262002618602
3238,317.311299969022
3239,-1805.3789123304766
3240,-6869.345502746051
3241,-12747.688112857575
3242,-24374.879821876726
3243,-6968.707063527345
3244,-17130.17732334462
3245,-987.8783272865795
3246,-5298.932045154895
3247,-8445.405598813786
3248,-7922.085635901096
3249,-17855.374403298574
3250,-203.33227839638138
3251,-8223.40377203608
3252,205.70768229552024
3253,-7757.2315812882525
3254,-1458.661021625709
3255,-9426.780526034678
3256,-2132.457806277161
3257,-18938.866832106156
3258,-4182.1342578970325
3259,-19774.444802778704
3260,-12598.376110491334
3261,-9875.408444076718
3262,-25033.471619848275
3263,-16888.624789635283
3264,-5405.628999728611
3265,-6039.7775954874605
3266,-19315.108309021816
3267,-7728.246247678939
3268,-12549.594838755238
3269,-20677.290956997906
3270,-12534.531309398302
3271,-8574.687195943436
3272,-188.23935307645687
3273,-2262.365733714469
3274,-898.367448300085
3275,-15024.648026980789
3276,-4262.493353528342
3277,-8654.057210759933
3278,-21781.59032647465
3279,-414.94235575907464
3280,-3775.6868998860086
3281,-9359.518184663302
3282,-20361.709214942457
3283,-4216.49228183894
3284,-6956.892595941896
3285,-196.75771737537005
3286,-2840.7810329960444
3287,-444.0723830598873
3288,-10405.189798248417
3289,-5814.987532202515
3290,-26527.048789232424
3291,-1499.3468192579319
3292,-8705.128209699695
3293,-11691.092739991735
3294,-23916.745972937293
3295,-4617.127055671226
3296,-7529.499779703065
3297,-16123.589462871001
3298,-12759.592225545235
3299,261.0437739154571
3300,-651.4621350696333
3301,-17033.542769871274
3302,-1076.5661919752235
3303,-7796.590341144996
3304,-7157.607964157218
3305,-9820.607278578102
3306,-4484.095946369451
3307,-7039.255902698389
3308,-23527.694278466017
3309,-13638.502539848394
3310,-1709.6012932340582
3311,-4374.778517776127
3312,-8228.409007151618
3313,-15291.24249866557
3314,-6642.797937281092
3315,-4138.84344232271
3316,30.677163042261764
3317,-7092.340293260005
3318,-9774.903901166204
3319,-5322.020970186733
3320,-3788.6788190877332
3321,-4156.804753684035
3322,-3329.146045002946
3323,-12834.834247385092
3324,-12317.569047926247
3325,-9499.876576646784
3326,-7868.1958107239625
3327,-15131.868416310348
3328,551.7778998689366
3329,-3641.9122901399364
3330,-26088.228293922846
3331,-28312.343156933457
3332,-18680.176816652944
3333,-7396.91709919746
3334,-7638.237278638739
3335,-3090.6849467993216
3336,-7160.85071084481
3337,-8768.519638418264
3338,-12472.25692463012
3339,-25960.611047151095
3340,-24851.578437191092
3341,-14481.686571832166
3342,-6416.295340112831
3343,-170.50531478927815
3344,-4266.60928371315
3345,-231.8337601504951
3346,-19153.40160360407
3347,-13087.216420223453
3348,-6906.503839261357
3349,-20300.43903051935
3350,-3445.8115932223577
3351,-10327.243987541011
3352,-5572.554881840899
3353,-7658.854192977217
3354,-28602.720215598052
3355,-2695.287727799969
3356,-3267.9417969164224
3357,-2540.560853857161
3358,-7801.373571336039
3359,-25103.89299485026
3360,-1497.5793517721704
3361,-23640.03388928325
3362,-9454.65229933833
3363,-3344.708511755313
3364,-13601.812476287692
3365,-9856.85723577892
3366,-7849.733965701276
3367,-14519.571242390706
3368,-4399.766729150573
3369,-565.9673785946429
3370,-1268.8486016801228
3371,-3387.1883386347085
3372,-14553.781346863361
3373,-1122.7784854866895
3374,-13432.54205876605
3375,-2109.756987731159
3376,-7401.899495733964
3377,-20006.446577897845
3378,-12911.049610453487
3379,-19047.127954786007
3380,-5846.380376276265
3381,-1854.4205775355351
3382,-2924.859094663928
3383,1044.1021547964185
3384,-17517.253941939685
3385,-19904.930585217782
3386,-10667.340853490989
3387,-7108.46868929151
3388,-18877.386559339546
3389,-17549.607621522147
3390,-5986.454810432471
3391,-27927.093115784442
3392,-11517.506559880372
3393,-4243.493139007856
3394,-3001.569667022841
3395,-6449.260532386714
3396,-12434.489918945243
3397,-7965.135082670454
3398,-1545.60535606343
3399,-23160.799192462586
3400,-18305.713911679868
3401,-16985.005704202726
3402,-7514.007958193032
3403,-17874.357060069346
3404,-4250.710389933036
3405,534.2392384298438
3406,-13626.945346666673
3407,2.7561112672207697
3408,1145.8385958312228
3409,-5910.335568003456
3410,-12083.42259029012
3411,-5641.1507566219525
3412,-16931.965645859793
3413,-4437.859944959523
3414,-15727.712256169458
3415,-3653.4814456178174
3416,-5170.485927230422
3417,-10924.885912059512
3418,-21652.208573534306
3419,-7550.114099549507
3420,-10342.277409108743
3421,-8891.307284939428
3422,-17099.47495581777
3423,-20389.551376751802
3424,-15966.581356370529
3425,-6713.763916966713
3426,-17416.536716721388
3427,-56.85755290972732
3428,-2192.0481784638714
3429,-1507.0107974610053
3430,-17503.195274730733
3431,-10219.838711667713
3432,-18582.27311563253
3433,-22123.33625269538
3434,-1756.1935766026857
3435,-11914.835573924836
3436,-319.29649385616955
3437,-7397.3679790840915
3438,-19500.922950214626
3439,-5128.49565990546
3440,-22593.827732850918
3441,-2798.291819471399
3442,-8506.55113368007
3443,-2063.8777889861326
3444,-14473.794740500001
3445,-10808.036024247464
3446,-5097.02446047813
3447,-5564.158207550685
3448,-5389.502522191013
3449,-3796.3214682850667
3450,-21618.660664745315
3451,-19062.236801338015
3452,-9808.024075078589
3453,-7060.570881759769
3454,-1218.2357617343694
3455,-1603.9873284737143
3456,-24120.001120820478
3457,-12428.100065286199
3458,-4711.749522990391
3459,-17286.38024405248
3460,-2511.7487217567464
3461,-19049.30367668536
3462,-11576.870956888695
3463,-18563.87796196251
3464,-104.12224664264555
3465,-11554.718425031842
3466,-6355.459118431709
3467,-6705.123091758065
3468,-3034.2017699484304
3469,-11136.704848052195
3470,-6931.192462919984
3471,-1113.752720401103
3472,-6247.694236748219
3473,-1036.4241352075762
3474,-24904.202367033315
3475,-4930.7777590692485
3476,-6479.87302390094
3477,-674.7638704154053
3478,-5360.244679666384
3479,-7817.457292313704
3480,287.28081124386654
3481,-14563.204769730037
3482,-8840.959034071657
3483,-15863.865016532895
3484,-8102.562595347055
3485,-4083.586662315193
3486,-6599.793127676167
3487,-3922.1795817570246
3488,-29191.267047966005
3489,-2935.9080959990138
3490,-7305.296085968201
3491,-12332.800997996495
3492,-12833.804840122917
3493,-11974.598080297053
3494,-16539.24614419667
3495,-13848.204157684373
3496,-6362.501238051095
3497,-7231.626887715192
3498,-8828.843262219862
3499,-5731.97757956787
3500,-3016.272878788638
3501,-15664.428886351656
3502,-2983.2547696381507
3503,-1299.1622371186595
3504,-698.768425172397
3505,-6629.373873043481
3506,-16149.233020713327
3507,-5563.506488544008
3508,-9157.921701930969
3509,-6868.7384856795825
3510,-7806.728063225158
3511,-8272.945284228694
3512,-6068.512104388613
3513,-5701.266251328286
3514,-9836.65663137693
3515,-2645.8149693331384
3516,-5368.5510050123
3517,-13016.343028058198
3518,-7626.706585500806
3519,-24516.48044857206
3520,-9081.778217814504
3521,-3056.0686338652163
3522,-11190.217991648398
3523,-14412.881857617464
3524,-5658.515664904206
3525,-13131.41383707993
3526,-19434.159822006484
3527,-25707.73709648217
3528,-8430.836448576654
3529,-20294.39487013851
3530,-14011.736281690604
3531,-14984.815434361863
3532,-25226.025885846182
3533,-5998.511143753298
3534,-12568.651827773061
3535,-3923.5095283524197
3536,-4991.889349099507
3537,-23903.452793888086
3538,-5774.332353871841
3539,-23701.97170569065
3540,-6021.446479945822
3541,-7490.224703788951
3542,-21063.412511000166
3543,-9261.906591267818
3544,-5022.420463457996
3545,-12306.900184954942
3546,-9060.210030419832
3547,-9875.255556856184
3548,-11242.085173343428
3549,-411.09513210442685
3550,-839.0103399796429
3551,-5367.835208516542
3552,-406.2110516472721
3553,-6508.077237846144
3554,-1739.7456771169586
3555,-5152.507135458828
3556,-3853.490489102043
3557,-6812.5046742864715
3558,-4128.945683796835
3559,-6487.8707671981765
3560,-26608.055661971808
3561,-14023.280363640944
3562,-25933.967244426203
3563,-18037.127537627908
3564,-24237.50830820268
3565,-5401.554614376616
3566,-2672.855484944912
3567,-6145.403835233615
3568,-27069.862865512932
3569,-4034.4329853521963
3570,-17943.594344697798
3571,1629.998992075455
3572,-10818.017015509997
3573,-18824.558134613384
3574,-9228.118445918555
3575,-14267.216528733274
3576,-11652.426687512854
3577,-5982.25075582836
3578,-10572.221095115568
3579,-10742.350114317336
3580,-2260.71430475935
3581,-7578.705013340912
3582,-101.17874687708517
3583,-7863.887111834675
3584,-22163.644749921405
3585,-13847.807289703935
3586,-22809.091608101076
3587,-16863.651691731404
3588,-25957.02784353853
3589,-8069.629654408778
3590,-11660.378678404857
3591,-7037.4465903092705
3592,-7394.47980220744
3593,-1441.9349156707221
3594,-10812.411729823649
3595,851.688996192877
3596,-7016.600540944401
3597,19.631953915139675
3598,-4137.525614205945
3599,-12145.941513035392
3600,-20005.933036958122
3601,-8101.378866142323
3602,-21026.242091751123
3603,-3094.3476070844968
3604,-17416.25933147718
3605,-11313.199109722025
3606,-8614.796602829774
3607,-5212.607569550811
3608,-866.6342684569696
3609,-11120.288238650044
3610,-14533.063577533392
3611,-5803.346995164858
3612,-4249.5951852794415
3613,-14847.758345564003
3614,-3883.541010547347
3615,-499.6545305816911
3616,-27656.996975983206
3617,686.2860296078093
3618,131.40484318403463
3619,-4847.488688646844
3620,-19164.503972970448
3621,-5290.507316553963
3622,-8094.306595361908
3623,-3025.8017769893418
3624,-18689.23317929968
3625,-1827.1112345233205
3626,-8854.836517662083
3627,-6219.000056177993
3628,-2572.1349173746185
3629,-19338.38894252463
3630,-5296.86769493995
3631,-7270.45674118206
3632,-7644.821676743255
3633,-16256.888013489146
3634,-12552.176002015673
3635,-16414.05920168279
3636,-6630.3312369092555
3637,-15889.978231444133
3638,-14745.352348205062
3639,-28559.567385451734
3640,-860.2217980843349
3641,-5733.211666552449
3642,-8598.473658593237
3643,-8340.416156227759
3644,-5648.165379570649
3645,-11685.50379933309
3646,-4357.744560336502
3647,-2317.263449515524
3648,-9553.907077471338
3649,-14718.989487573628
3650,-4331.694165941262
3651,-9231.065377437568
3652,-14500.421596285332
3653,-5038.915532580131
3654,-6126.944267688508
3655,-21770.577240498016
3656,-11620.727317948402
3657,-387.2858646212821
3658,-18536.03964902393
3659,-18185.07902064112
3660,-7791.959829440968
3661,-2161.2620970753337
3662,-18041.319225070387
3663,-524.0232001370039
3664,-12774.020850026322
3665,-13132.85888877716
3666,-5159.521408411992
3667,43.076252684563414
3668,-19858.588369396002
3669,-1527.0392278951867
3670,-3435.872263915584
3671,-1920.112022911697
3672,-9215.1550909661
3673,-8016.372024754458
3674,-16566.11151775079
3675,-11587.17797627682
3676,-145.9072714910523
3677,-13016.339317068725
3678,-3961.252282352097
3679,-10858.429224197114
3680,-18055.309192580222
3681,-17275.105901291754
3682,-18728.238693641513
3683,-21823.782540044915
3684,-7290.437180638183
3685,-7370.56486003926
3686,-9980.667144318328
3687,-8769.409079369627
3688,-9685.267101640338
3689,-10868.483131339875
3690,-12538.23772172145
3691,-18070.47343214917
3692,-21229.29055453874
3693,-5944.209715488009
3694,-13453.815992138227
3695,-32081.76632401973
3696,-23311.481299361127
3697,-11497.05311669121
3698,-2275.500841765474
3699,-2295.048254375883
3700,-12570.797541976177
3701,-5666.6683765397875
3702,-6604.065812791039
3703,-15952.788503119353
3704,-5938.259357106619
3705,-13506.534880198351
3706,-12423.996318650423
3707,738.2837178219735
3708,-5059.184280016399
3709,-13220.16969539574
3710,-35.12826804778555
3711,-22211.915855343606
3712,-6667.964362114381
3713,-16316.911540768917
3714,-20947.371063129427
3715,-18309.33999100927
3716,-4906.142663020682
3717,-14114.516281428472
3718,-7060.861004079283
3719,-13309.119087441399
3720,-5155.847163984969
3721,-7063.380492876802
3722,-8575.224605742775
3723,-6781.188494974103
3724,-7529.796606757195
3725,-9138.565390020272
3726,255.42298035763906
3727,-16997.94155887741
3728,-21392.034071944563
3729,-8605.399553077872
3730,-3002.771374971922
3731,-6890.64304054782
3732,-26023.020625675836
3733,-5092.603468891616
3734,-25623.140913379793
3735,-19529.42345850204
3736,-11546.554041056414
3737,-4124.433275186684
3738,-13862.41467215694
3739,-3082.5281329924246
3740,-12.810015479386289
3741,-10011.647314806874
3742,-15447.002213333319
3743,-26695.410649394988
3744,-8028.5069172552585
3745,-1123.1879065703831
3746,-25249.394719399694
3747,-10801.793787151897
3748,-3236.101076791219
3749,-5989.2798820002545
3750,-11451.033314042345
3751,-16021.065194024248
3752,-4610.7716248058305
3753,-10594.280690576023
3754,-6443.821853459582
3755,-20657.362571526006
3756,-26137.807395410066
3757,-4196.758934820792
3758,-10496.139032584762
3759,-5471.870751099904
3760,-16222.50452280637
3761,-13342.688568184354
3762,-9042.648112691504
3763,-11621.51917914269
3764,-9468.181257939561
3765,-4082.728932654937
3766,-1119.4811350972934
3767,-8116.58127460594
3768,-4684.619482124859
3769,-20308.92642250056
3770,-8077.4827799086515
3771,-4883.112251957546
3772,-8731.615919862386
3773,-12638.780921962203
3774,-3856.040512752973
3775,-5128.762367334113
3776,-16090.593327886183
3777,-4829.232320537405
3778,-6016.3597448322125
3779,-8322.525493449304
3780,-15862.52964061086
3781,-3825.1249383517456
3782,-5035.153253591413
3783,-6885.654304378658
3784,-3987.863661488798
3785,546.4880588157632
3786,-9905.23524141977
3787,-10058.615872506918
3788,-3744.3522533818873
3789,-8896.68421557195
3790,-11662.208093050931
3791,-29602.051465508466
3792,-4408.534037293119
3793,-14330.28355443381
3794,-1477.6853711242716
3795,-2146.2627800222695
3796,-3275.491107436471
3797,-18470.947721937075
3798,-5577.298973398138
3799,-17905.03276492065
3800,-14744.146035152482
3801,-2943.6820703216063
3802,-16232.077641986796
3803,-11300.553658438323
3804,-13727.154628402373
3805,-25857.520274806735
3806,-3979.7095773837023
3807,-1053.2810296964285
3808,-12093.484123755112
3809,-1306.1711593118891
3810,-27670.843871152625
3811,-4948.530215977282
3812,-3806.1655401584653
3813,-13346.112359529856
3814,-27917.262656418505
3815,-14.655341250592711
3816,-9638.55384770133
3817,-3492.52690050462
3818,-7058.4418059877125
